[-4, -3, -3, -6, -3, -5, -3, -4]
[-1, 0, 13, 5, 2, 2, 2, 1]
[-3, -5, 1, -5, -4, -4, -2, -3]
[2, 2, 1, 4, 2, 4, 0, 0]
[1, 1, -1, -4, 0, -1, -1, -2]
[1, 0, -2, 0, -2, 0, -1, -1]
[1, 4, -2, -2, 0, 0, 1, 0]
[-1, -25, -5, -4, -1, -2, 0, -2]
[-1, 5, 2, 1, -2, -1, -2, 0]
[-2, -3, 1, -9, 0, -1, -1, -1]
[2, -1, 0, 3, 0, 1, 0, 0]
[0, -2, 0, 0, 1, 0, 0, 0]
[1, 5, 0, 2, 1, 2, 2, 0]
[0, -1, -1, 1, -1, 1, 0, 1]
[-1, -8, -2, -4, -1, -1, -1, -1]
[-1, -4, -1, -1, 0, -2, -3, 0]
[-1, 1, 1, 8, 0, -1, -1, -2]
[1, 3, 12, 4, 0, -1, -2, -1]
[1, 0, 1, -1, -1, 0, -2, 0]
[-7, -3, -2, -2, -2, -1, 0, 0]
[2, -2, -1, -2, -1, 0, -2, 0]
[-2, 1, -2, -2, -2, -2, 1, -1]
[-2, -12, -7, -1, -2, -1, -1, -1]
[1, -2, -2, -2, -2, -1, -1, -1]
[2, -7, -5, 2, 1, 0, -2, 0]
[-3, 0, 1, -1, 2, -1, -1, -2]
[-1, 2, -4, -16, -2, -2, -3, -3]
[-3, 5, -5, -1, -2, -2, -1, -2]
[3, -5, -3, 2, -2, -1, 0, 0]
[-2, 2, 3, 1, -2, -1, -1, 0]
[-1, 0, 0, -1, -1, -1, 0, -1]
[2, -3, -4, 1, -1, 0, -1, 1]
[0, 1, -1, -3, -2, 0, 1, -2]
[1, 1, 5, -6, -1, 0, 0, 0]
[-4, 11, 1, 1, 1, -1, -2, 2]
[0, 1, -2, 2, -1, -2, 0, 0]
[1, -7, 3, 0, -1, -1, 1, -1]
[-1, -8, -6, -1, -2, -1, -2, -1]
[-2, 1, -2, -1, -2, -1, 0, -1]
[-2, 0, 0, 0, -2, 1, -1, -1]
[1, -1, 1, -1, 0, 2, 1, 1]
[-1, -3, -1, -2, -1, -1, -2, 1]
[0, 1, -2, -4, 0, 0, 2, -1]
[-1, -5, 1, -1, -3, -3, 0, 0]
[-1, -3, 4, -2, -1, 0, -1, 0]
[0, 0, 0, -3, 0, -1, -2, 0]
[-4, -2, -11, 0, 0, 0, 0, 0]
[-2, -2, -4, -4, -1, -2, 1, -2]
[0, 9, 3, 3, -2, -1, -1, -2]
[2, -5, -4, -1, -1, -1, -1, 1]
[1, -7, 0, -9, -1, -2, -1, -1]
[0, 5, -6, -1, 0, 0, 2, -2]
[0, -8, -5, 0, -1, -2, -2, 0]
[3, -4, 1, -2, 2, -1, -1, 1]
[-2, 3, 3, 1, -1, 0, -1, -1]
[-1, -14, -2, 1, 1, -3, 0, 0]
[-1, -4, -4, -2, -1, 0, 0, 0]
[0, 1, -3, 0, -1, -1, 1, -2]
[0, -4, 4, 0, 1, 0, -1, -1]
[1, -2, 7, 2, -2, 0, -1, 0]
[-2, 1, -3, 3, 0, 0, 0, -2]
[0, 1, -3, -2, -1, 0, 0, -1]
[-1, 0, -3, 0, 0, 2, -1, -2]
[-4, -7, 3, -3, -2, 0, -1, -1]
[4, 0, -5, 0, 0, -1, -1, -2]
[0, 1, 2, -3, -2, -3, -1, -2]
[-1, -3, -6, -2, -1, -1, -1, -2]
[0, -2, -2, -3, -2, -1, -2, -1]
[1, 2, 3, -1, 1, -2, 1, -1]
[0, 5, 3, 0, -1, -3, -1, -1]
[-1, -4, 1, 0, 0, -1, 2, -1]
[0, 2, -4, -2, -2, 2, -2, -1]
[0, -3, 0, 0, -2, -2, -1, -1]
[-1, -3, -4, -6, -1, -1, 0, 0]
[-1, -9, -5, -3, 0, -1, 0, -1]
[-1, 1, -1, 1, -1, 1, 0, -1]
[-1, 2, 6, -1, -2, -1, -1, -2]
[0, 3, 4, -6, -1, -1, 0, 0]
[-2, 4, 2, -1, -1, -2, 0, 0]
[-2, -1, -2, 4, 0, 1, 1, 1]
[1, 0, 13, 1, -2, -1, 0, 1]
[-1, 0, 6, 3, 0, -1, -2, -1]
[0, -5, -3, -11, -2, 0, -1, 3]
[3, 16, 5, 3, 2, -2, -3, -2]
[-4, -9, -29, 0, 0, -1, -2, -2]
[0, -3, 18, -7, 1, 1, 1, 0]
[-2, -3, 12, 13, -2, -1, 1, -1]
[-3, -2, -1, 10, 2, -1, -1, -3]
[-1, -2, 7, 2, -1, -1, 0, 0]
[-2, -5, 8, 24, 1, 0, 0, 0]
[-2, 12, 4, 8, 1, 1, -2, 0]
[2, 0, -20, -24, 0, 1, 2, 0]
[0, 0, 13, 14, 1, 0, -1, 2]
[1, -5, 10, 2, -1, -2, 0, -2]
[1, 14, -12, -51, -7, -2, -2, 0]
[-2, -8, -12, 7, 2, -1, 0, 0]
[-3, -2, 15, 9, 0, -1, -2, -1]
[-2, -4, -14, -20, -5, -1, -2, -4]
[1, 10, 9, -13, 0, 1, -1, 0]
[-1, -5, -4, -4, -1, -2, 1, 0]
[-2, -21, -56, -2, -3, -2, -1, -2]
[0, 2, 2, 48, 6, 1, 1, 0]
[-1, -4, 1, 10, -2, -2, -1, -1]
[-1, -6, 23, 29, 1, 1, 0, 1]
[1, -1, 0, -7, 0, -2, -1, 0]
[0, -4, -26, -4, -2, -2, 0, -2]
[-1, -5, -1, 0, 0, 1, 0, 0]
[-1, -16, 5, -41, -18, -2, -1, 0]
[-1, -3, 3, -10, 9, 1, 1, -1]
[-1, -4, -2, -8, -12, -1, -2, -1]
[-5, -26, -11, 4, 1, -5, -4, -2]
[-1, 6, -31, 4, 4, -2, -1, -1]
[4, 5, -35, -13, -6, 1, 0, 1]
[0, 5, -37, -3, 5, -3, -1, -1]
[-1, 3, -43, 22, 4, -1, 0, 0]
[-1, 2, -51, -45, -22, -1, -1, 0]
[-2, 2, 35, -11, -2, 1, 0, 1]
[-1, -3, 46, 18, 2, 2, 0, 0]
[4, 5, 7, -5, 0, -1, -2, -2]
[-2, 5, -5, 2, -3, -2, 0, -3]
[-3, -12, -55, -27, -18, -2, -1, 0]
[-1, 2, 82, -47, -22, 2, 1, -1]
[-3, 0, -17, -24, -16, -6, -4, -1]
[2, -39, 31, 1, 22, 0, -2, 1]
[-3, 8, -38, 5, 1, -3, 1, -1]
[-2, 1, -5, 30, 11, -1, -1, -1]
[-9, -26, -27, -36, -23, -5, -3, -3]
[6, 24, 62, 32, 33, 11, 3, 3]
[0, 29, 16, 3, 7, 0, -2, 1]
[-1, 7, 16, -10, -11, -6, -3, -2]
[-8, 1, 14, -1, -1, -3, -2, -3]
[2, 3, 29, 19, -6, -2, 0, 0]
[1, 3, 54, 73, 37, 7, 2, 0]
[-4, -27, -20, 25, 14, 5, 3, 0]
[-2, -6, -5, -13, 0, -1, -2, 1]
[-2, -9, -57, -8, -4, -3, -3, -2]
[2, 2, 3, 22, 7, -1, -2, 0]
[-1, -7, 59, 36, 21, 2, 2, 2]
[2, 8, 41, 55, 23, 7, 1, 0]
[3, 20, -32, -42, -21, -7, -4, 0]
[-1, 7, 2, 5, -2, 0, -2, -1]
[1, 4, -21, 9, 26, 5, 1, 0]
[-6, -14, -93, -24, -20, -9, -5, -4]
[1, 16, -24, -16, -24, -6, -5, -1]
[-3, 14, -60, -59, -15, -6, -4, -6]
[7, 16, -19, 7, 15, 4, 2, 2]
[3, 10, -64, -2, -10, -1, 1, 2]
[-4, -3, 34, -26, -12, -5, -3, -3]
[-4, -44, 48, 50, 4, 2, 1, 1]
[-3, 24, 61, -65, -27, -8, -1, -2]
[-3, -16, 16, 7, -5, -2, -2, 0]
[2, -2, 35, 13, -1, -3, -3, -1]
[3, 18, 42, 28, -5, -2, 1, 1]
[-1, -9, -2, -8, 11, 4, 0, 1]
[-3, 2, 11, 8, -2, -1, -1, -1]
[-4, 0, -21, -92, -25, -6, -2, -4]
[-2, -53, 34, 25, 8, 3, 2, 1]
[-2, -5, -3, -49, -10, -3, -2, -3]
[1, -18, -2, -4, -4, 4, 3, 2]
[-2, -5, -32, -8, 5, -3, -1, -2]
[2, 0, -32, -21, -6, 3, -1, -2]
[-5, 5, -13, -10, -2, -2, -1, -3]
[-9, -30, 10, -15, -4, -6, -5, -3]
[-1, 5, 10, 33, 5, -1, -1, -1]
[-2, -23, 32, 9, 4, 7, 3, 2]
[1, -1, -73, -41, -17, -7, -2, -1]
[2, 19, 37, -12, -11, 0, 0, -1]
[1, -8, 61, 107, 42, 4, 1, 0]
[1, 13, -7, 33, -3, 1, -3, -2]
[5, 39, 11, 55, 26, 4, 1, 0]
[1, 12, 13, 10, -2, -3, -1, -2]
[6, 11, 37, 57, 20, 8, 3, 3]
[-5, 22, 29, -6, 3, 0, 2, -1]
[0, -7, 38, -22, -5, -1, -1, -2]
[-3, -9, -14, -63, -16, -5, -2, -2]
[2, 38, -38, -44, -4, -1, -1, 0]
[-1, 13, -39, -56, -20, -3, -2, -3]
[1, -5, -16, 54, 10, 3, 0, 1]
[-3, -20, 7, 113, 16, -3, -3, 2]
[-1, 9, -37, -41, -14, -7, -1, -1]
[0, -45, -42, -54, -6, -2, -1, -1]
[0, -1, 11, -31, -9, -2, 0, -1]
[0, 24, 63, -44, -30, -11, -4, -2]
[-3, 9, 67, -43, -18, -6, -4, -5]
[-1, -3, -39, 6, -1, -2, -1, 1]
[0, 27, -5, -45, -18, 0, 3, -1]
[-2, 10, -37, -7, -16, 2, 1, -3]
[2, 2, -16, -17, -8, -6, -4, -2]
[3, 10, -7, -18, 6, 9, 2, 2]
[-2, -18, 15, 116, 28, -2, -2, -1]
[1, 0, 67, 48, 11, 6, 2, 0]
[1, 3, 33, 32, 12, 6, 3, 4]
[-5, -12, -19, -7, -4, -8, -4, -2]
[2, 13, -23, 26, -1, -2, -2, 1]
[-5, -10, -12, -47, -12, -2, 0, -3]
[-5, -16, -37, 11, -3, -2, -1, -2]
[2, 4, -18, 17, -5, -1, 0, 0]
[-2, -12, 27, -19, 0, -1, -1, 0]
[3, 9, -36, -49, -15, -3, -2, -2]
[4, 36, 33, 33, 7, 1, 1, 1]
[2, -6, 46, 29, 7, 5, 2, 1]
[1, -9, -26, 34, 14, 7, 1, 3]
[-2, 0, 29, -22, -2, -1, 2, -1]
[-3, -14, 9, -24, -6, -6, -2, -1]
[4, 10, -17, 34, 11, -2, -1, 1]
[1, -12, 30, 72, 19, 3, -1, -1]
[-4, -11, -10, 5, -10, -8, -3, -3]
[-2, -8, 17, 2, 9, 0, 0, -3]
[-6, -15, -15, -16, -4, -2, -3, -1]
[-2, 3, -8, -4, -3, 3, 0, 2]
[0, 12, -11, 1, -2, -3, -3, -4]
[-3, 4, 13, 11, 2, -2, -1, -2]
[1, 0, 15, -3, 2, 4, 3, 2]
[-2, -9, -58, 24, 0, 2, -2, 1]
[-1, 9, -11, -81, -18, -4, -1, -2]
[-1, 2, -6, -6, -7, -2, -2, -2]
[2, -3, -14, 57, 7, 1, 1, 0]
[-2, -12, 15, -7, -5, -2, -2, -1]
[-2, 3, 37, 23, 5, -3, 0, 0]
[1, 34, -12, -17, -1, -2, -2, 0]
[-1, 1, -1, -15, -7, 1, 2, -1]
[0, -12, 68, 14, 5, 3, 2, -1]
[2, 5, 38, -10, 0, -2, 0, 1]
[-1, -2, -3, 3, -7, 1, -1, -1]
[-2, 2, -30, 17, -3, -2, -1, -1]
[-2, -14, -5, 5, 0, -2, 0, 0]
[-3, 12, -13, 6, 3, -1, -1, 0]
[0, -2, -6, -9, -2, -1, 0, -1]
[-1, -6, 4, -3, 7, 0, 0, -1]
[-4, -3, -17, 21, 3, -1, -2, -2]
[-1, 2, -15, -2, -2, 0, -2, 0]
[-2, -20, 4, 1, 1, -2, -1, 0]
[0, -10, 10, 20, 0, -1, 0, -1]
[2, 6, 52, 15, 10, -2, -1, -1]
[1, -2, 12, 2, 4, 2, 0, 1]
[-1, 8, 9, -3, -1, 1, 0, 0]
[0, 5, -1, 28, 5, 1, 0, 0]
[-3, -10, -37, -8, -4, -1, -1, -1]
[-2, 7, -20, -6, 0, -2, -1, -2]
[0, -3, 14, 49, 14, 0, -1, 0]
[-8, -21, -7, -15, -6, -1, -1, -1]
[2, 0, 12, 62, 12, 8, 3, 2]
[1, 3, -10, -22, -3, 0, -1, 0]
[0, 9, -1, -15, -10, -1, -1, 0]
[1, 6, -1, -13, -6, -4, -2, -2]
[3, 3, -11, -14, -4, 0, 0, -1]
[-1, -6, -17, 11, 11, 0, 0, 0]
[-1, -3, -11, 34, 11, 2, 1, 0]
[-1, -11, 24, -4, 1, -4, -1, -1]
[0, 6, -9, 3, 0, 2, 1, 0]
[-1, 7, -6, -6, -3, 0, 0, -1]
[0, -9, -2, 5, 4, -2, -3, -1]
[0, 5, -6, -1, 0, 0, -1, -1]
[-1, 1, -10, -5, -5, -3, -2, -1]
[0, 1, 9, 9, 7, 1, 0, 1]
[1, 17, 4, 52, 18, 6, 1, 1]
[0, 1, 26, 4, -1, -1, -1, 1]
[0, 5, 2, -2, 1, -1, -1, 0]
[-1, -5, -1, -19, -2, 1, -2, -2]
[0, -3, -7, -1, 0, -1, 1, -2]
[-1, 2, -8, -22, -6, -2, -1, -2]
[-1, -1, -5, 10, -1, -3, -3, -2]
[1, 2, 1, 15, 3, 1, 1, 1]
[-1, -11, -1, 29, 9, 0, -1, 0]
[1, 3, -1, -12, -5, -1, 0, -1]
[0, 4, 4, 20, 1, -2, 0, -1]
[-1, 1, 4, -8, -2, 2, 1, 0]
[1, 21, -3, -14, -6, -1, -1, 0]
[-1, 2, 4, 2, 11, 3, 1, 1]
[-3, 12, -2, -44, -13, -4, -1, -1]
[-6, -45, 1, 16, 8, 3, 2, -1]
[-2, 8, 0, -8, 0, -1, 0, -1]
[1, -5, -3, 9, -2, 1, 1, 0]
[-1, -14, -9, -18, -8, -4, -2, -2]
[-1, -3, -3, 15, -1, -3, -1, -4]
[1, 4, 9, 47, 13, 4, 2, 1]
[-1, 0, -19, -7, -16, -4, 0, -1]
[0, -4, 12, 35, 13, 4, 1, 0]
[0, -3, 7, 23, -2, 1, 1, 1]
[3, 11, 22, 93, 46, 8, 3, 1]
[0, 2, 1, 51, 29, 0, 0, 0]
[-2, -1, -8, -15, -2, -1, -3, 1]
[-1, 0, -11, -52, -17, -6, -3, -1]
[-3, 10, -1, -14, 1, -1, -1, -1]
[0, -4, -9, -37, -15, -7, -3, -2]
[-2, -2, 4, -1, -8, 0, 1, 1]
[0, -9, -6, -4, -1, 1, -1, -2]
[-1, 2, -2, 21, 0, 0, -3, -1]
[-3, 7, -2, -9, -5, -1, -1, 0]
[2, -2, -7, 10, 5, -3, -1, -1]
[-1, -3, 2, 27, 5, 3, 3, 0]
[-1, 3, 2, -16, -1, 0, -3, -1]
[0, 3, -4, 7, -2, -4, -1, 0]
[-1, -8, -6, -12, -6, -3, -1, -1]
[-1, -1, 6, 65, 19, 2, 1, 0]
[3, 0, 11, 55, 41, 8, 2, -1]
[3, 13, 6, 34, 7, 3, 1, 1]
[-1, 0, -10, -29, -15, -7, -2, -1]
[0, -3, -2, -14, 2, -1, 0, -2]
[-2, -6, -7, -13, -8, -2, -3, 0]
[0, -4, -7, -13, -14, -1, 0, -1]
[-1, -11, 12, 23, 11, 5, 2, 0]
[0, 0, -3, -13, 2, -1, 1, 0]
[-1, -7, -3, 4, -7, 0, -2, 0]
[-2, 2, -3, -21, -10, -4, -3, -1]
[0, 1, 3, 11, 15, 3, -1, 0]
[-3, 0, -6, -13, -11, -5, -3, -2]
[-2, -3, -3, -18, -4, 0, -1, -2]
[0, -3, -5, -29, -8, -2, 0, -1]
[-3, -4, -3, -18, -10, -3, -1, -2]
[1, -1, -5, -3, -4, -3, -3, -1]
[2, 2, 9, 20, 13, 3, 0, -1]
[0, 1, 9, 40, 12, 7, 3, -1]
[-3, 0, -4, -9, -2, -2, -1, -2]
[-1, 1, 8, -56, -21, -1, -1, 1]
[1, 1, 12, 34, 9, 2, 3, 1]
[0, -1, 2, -25, -5, -1, -1, -1]
[-2, -3, -8, -3, -4, -3, -2, -4]
[-2, -1, -3, 7, 1, 3, 0, 1]
[-1, -1, -11, -4, -9, -3, -2, -2]
[-1, -2, 3, 8, -8, -6, -3, -2]
[1, 2, 2, 7, 6, 1, 0, 0]
[-1, -2, -8, 1, 4, -1, -1, 0]
[0, -1, 5, -9, -6, -1, 0, -2]
[0, 2, 12, 29, -1, -1, 0, 2]
[-1, -1, -7, -32, -7, 0, 0, 0]
[-1, 0, -1, 4, -7, -3, 0, -1]
[-2, -3, -6, -5, 0, -2, -2, -1]
[-1, 2, 28, 0, 1, 0, -1, 0]
[0, -6, -8, -5, 3, -2, -2, -1]
[1, -1, -10, -40, -17, 1, 1, 0]
[1, 2, 15, 46, 30, 4, 1, 1]
[-1, -15, -13, 0, 6, 0, 1, -1]
[-4, -31, -3, -12, -5, -4, -1, -3]
[-6, -30, 1, 2, 4, -2, -3, -2]
[0, 39, -8, 5, -3, -4, -2, -3]
[-3, 2, 1, -15, -3, -1, 0, -3]
[0, 0, -18, 11, 14, 1, 0, -1]
[1, 8, -22, -13, -3, -3, -1, -1]
[-2, -14, -2, -15, -8, -2, -1, 0]
[0, 5, 9, 2, -1, -1, -2, -1]
[1, 5, -3, 14, 2, 1, 0, 0]
[-1, -8, -4, 8, 1, 1, -2, -1]
[-2, -3, 15, -14, -2, 1, -1, 0]
[3, 9, 14, 4, 2, 0, 1, 0]
[1, 22, 5, -24, -5, -1, 0, 1]
[0, 4, -3, 17, 6, 1, 0, 0]
[-4, -15, 11, 4, -6, -1, -1, -1]
[0, -2, -22, -7, -2, -1, 0, -1]
[-2, -24, 5, 9, 6, -1, 0, -1]
[3, 17, 11, 1, 0, -2, 0, 0]
[-1, -11, 12, -27, -3, -4, -2, 1]
[6, 4, 15, 50, 23, 6, 2, 1]
[0, -17, 7, 2, -1, -1, 0, -2]
[-2, 3, -19, -46, -17, -4, -2, -1]
[0, -3, -8, 4, 0, 0, -1, 1]
[-3, 10, -6, 8, 1, 1, 0, -2]
[-1, -2, 9, 1, -1, -4, -2, -3]
[-1, 4, 5, 13, 1, -1, -2, 1]
[-4, -20, 9, -1, 0, 2, 2, 0]
[-3, -18, -9, 12, 4, 4, 1, 1]
[-2, 1, 2, 26, 15, 3, 1, 0]
[-4, -19, 16, 22, 4, 1, -1, -2]
[3, 13, 8, -48, -14, -3, -2, -2]
[2, 10, -10, -3, -5, -2, -1, 1]
[0, 12, 3, -10, -8, -2, 0, -2]
[-1, -4, -15, 6, 4, -1, -1, -4]
[2, -11, -6, -6, -3, 0, -1, 0]
[1, -3, 1, 19, 5, 3, 1, 0]
[-2, 2, -7, -8, -6, -5, -2, -3]
[-3, 5, -8, 2, -2, -2, -2, 0]
[-6, -46, 36, 65, 20, 6, 3, 1]
[0, 22, -39, -41, -7, -3, -1, -2]
[0, 14, 0, -16, -5, -3, -2, -1]
[0, 2, 4, 33, 6, 2, 1, -1]
[0, 5, 1, -15, -9, -5, -2, 0]
[1, 8, -30, -59, -21, -1, 0, -1]
[-2, -12, 9, 28, 12, 1, 1, 0]
[7, 31, 56, 37, 1, 3, 2, 2]
[1, 1, -16, -17, -8, -2, -2, 0]
[-7, -40, 4, 9, 4, -1, -1, -1]
[-2, -32, -19, -39, -10, -3, -3, 0]
[0, -10, -10, -4, 3, -2, -2, 0]
[-2, -3, -20, -23, -3, -5, 0, -1]
[-2, 12, 45, 24, -1, 7, -1, -1]
[-4, -17, -22, -25, 0, -4, -1, -3]
[2, 9, 22, -27, -13, 4, 2, 1]
[3, 20, 0, -27, -12, 1, -2, 0]
[-4, 17, 0, 3, -1, -5, -2, -1]
[2, 4, -7, -7, 2, -1, -1, -1]
[0, 14, 21, 14, 7, 0, 0, -1]
[-6, -31, 2, 2, 1, -1, -1, -2]
[1, -7, -6, 3, -3, -4, 0, -1]
[0, 3, -6, -3, -8, -2, -1, -1]
[-1, 2, 1, 2, -4, 0, 0, 0]
[-1, -5, -4, 8, 2, 0, 0, 0]
[1, -4, 2, 9, 5, 1, 0, -3]
[1, 13, 5, 8, 1, 0, 0, -1]
[4, 5, -5, -3, 0, -1, 2, 5]
[3, 12, -11, -7, -7, -4, -1, 2]
[3, 17, 25, 2, 1, 0, -1, 0]
[0, 1, -25, -12, 1, 1, -2, 2]
[2, 20, 16, -6, -2, -1, 0, 1]
[-5, -5, 57, 21, 2, -3, -4, -4]
[-1, -5, 5, 2, 2, -1, -2, -3]
[2, 5, -23, -2, -6, -4, -3, -2]
[-3, 5, -20, -7, -2, -4, -1, -8]
[2, 12, 15, -14, -2, -2, 1, 1]
[4, 13, 112, 2, 0, 0, 0, 1]
[0, 8, 39, 4, 3, 1, 0, -1]
[0, -15, -55, -1, -2, 1, 0, 1]
[-4, -15, 10, -5, -3, 1, 1, 1]
[0, -6, 18, -7, -4, 0, 0, 1]
[-1, 7, 5, 30, 11, 1, 0, -1]
[-2, -7, 58, 25, -1, -2, 1, -1]
[-2, -7, -22, -61, -8, -4, -4, -2]
[-1, -5, -1, 4, -5, -2, 0, 1]
[1, -1, -15, 1, 2, -2, -3, 0]
[-4, -24, 13, 14, 2, 3, 3, -1]
[-2, -1, -11, -41, -3, -3, 0, 1]
[3, 9, -10, -2, -4, 0, 0, -1]
[1, 12, 39, 24, 1, 0, 0, 0]
[-1, -1, 15, 6, 1, -3, 0, -1]
[1, -3, 9, -17, -1, 0, 1, -2]
[-2, 1, -12, -4, -3, -1, 0, -2]
[-2, 1, -6, 9, 0, 1, 1, 0]
[2, -2, 9, -2, -4, -1, -2, -1]
[-4, -12, -53, -30, -1, -3, -1, -3]
[2, 0, -11, 3, -7, -1, -2, 1]
[0, -1, 22, 6, 0, -1, -2, 1]
[-4, 0, -41, 1, 3, 0, -1, -2]
[0, 12, 35, 19, 0, -2, -1, -3]
[2, 3, 15, -12, -1, 0, -1, 2]
[-8, -13, -60, -8, -3, -2, -2, -5]
[7, 5, 13, 2, 0, -1, 0, 11]
[6, -3, -6, 11, 2, -1, -2, -1]
[7, -1, 19, 6, 0, 0, 0, -4]
[0, -4, 3, 13, -2, -1, 0, 0]
[1, -3, -6, -7, 0, 0, -1, -1]
[-5, -3, -13, -7, -2, -1, -1, -3]
[-3, -2, -6, 6, 4, 0, -1, -2]
[1, -5, 20, -1, 1, 1, -2, -1]
[-4, -6, 31, -7, 1, -2, -1, -1]
[-15, -2, -6, -3, 2, 0, 1, 2]
[2, 1, -18, 4, -3, -2, -1, -2]
[-8, 2, -1, 19, 4, 0, 0, -1]
[-1, 0, 4, -4, -1, 0, 0, 1]
[4, 3, -5, -7, -5, -1, -2, -1]
[-4, -1, -2, -5, -2, 1, 1, -1]
[3, -3, -29, -6, -2, 0, 0, -1]
[-15, -3, 7, 9, 0, -1, -1, -1]
[3, 3, 46, 32, 6, 1, 1, -1]
[1, 0, -2, 5, 1, 2, -1, 0]
[-2, 0, 15, 8, 2, -1, -1, -1]
[5, 16, 0, -11, -3, -1, -1, 0]
[-6, -8, -10, -17, -3, -2, -2, -2]
[1, -11, -32, -13, -4, -2, -1, -2]
[-7, -2, -14, -3, 2, 2, 0, 0]
[2, -12, 35, 7, 2, 0, 1, 1]
[-11, -41, 5, -4, 0, 0, 1, -2]
[-3, 14, -10, -9, -2, 0, -2, -2]
[0, 11, 40, -3, 1, -3, -2, -1]
[-4, -16, 1, 2, -4, -2, -2, 0]
[5, 21, 19, -1, -5, -1, 0, 0]
[-1, 6, -24, -13, -2, 0, -1, 0]
[1, -1, -17, -5, -1, -1, -1, -2]
[-5, 17, -77, 11, 6, 0, -1, -2]
[0, -6, -1, -9, -2, 0, 0, 0]
[2, -8, 4, -6, -4, -1, -1, 0]
[1, 4, 1, 3, 1, 0, -1, -2]
[-3, -13, 12, 4, -2, -1, -2, 0]
[-1, 6, 35, 3, 0, -1, 0, 0]
[2, 6, 19, 3, -2, -2, 1, -1]
[-5, 11, -13, 4, 0, 0, 0, 1]
[-1, 1, 0, -3, -2, -2, -2, -2]
[0, -7, 19, 9, 1, 0, -1, -1]
[-1, -14, 19, -3, -1, -1, 1, 0]
[0, 2, 1, 0, 0, -3, -2, -1]
[-2, -9, -3, -4, -2, -2, -1, 0]
[0, 3, 2, -5, 0, 1, -1, 1]
[-2, 3, -10, -2, -2, -2, -2, -1]
[2, 2, 48, 33, 2, 0, 0, -2]
[0, 7, 0, 6, 0, -1, -1, -3]
[-1, -1, -6, -13, -4, 0, -2, -1]
[-1, 0, -10, 0, -2, 0, -1, -1]
[-1, 5, 60, 9, 1, -1, 1, 1]
[-1, -1, -16, -6, -2, 0, -1, -1]
[0, -1, 9, -3, 0, 0, 0, -1]
[-2, -6, -16, 4, 0, -1, -1, 0]
[-2, -9, -21, -5, -2, 0, -2, -1]
[-1, -1, -8, -3, -2, 0, -1, -2]
[1, 3, -18, -2, -2, -1, -1, 0]
[0, 2, 18, -1, 1, 0, -1, -1]
[0, 0, -28, -7, 0, -1, 0, -1]
[-2, 0, 15, -1, -2, -1, 0, -2]
[-1, 1, 21, 3, 1, -2, -2, -1]
[-1, -1, -6, -3, -3, -2, -1, -1]
[-3, -9, -89, -5, -1, 0, -1, -3]
[1, 4, 18, -2, -1, 1, 0, 2]
[-1, -2, -6, -1, -2, 2, 0, -1]
[-1, 2, 15, 1, -1, -1, -1, -2]
[0, 0, 12, -1, 0, 1, 1, 0]
[-1, 0, 16, 0, 0, -2, 0, -1]
[0, 0, 6, -1, -1, -2, 0, 0]
[-1, 0, -5, -3, -3, -1, 0, -1]
[0, 0, 13, 2, 1, 0, 0, 0]
[-2, -6, -70, -7, -2, -2, 0, -2]
[-2, 3, 21, 7, 0, 0, 1, -1]
[0, -2, -18, -5, 0, -1, -1, 0]
[0, 0, 20, 0, -1, 0, 1, 1]
[-1, 1, 10, 0, 0, -1, -1, -1]
[0, 2, 11, 1, 1, -2, -2, -2]
[0, 3, 48, 10, 1, -1, -1, -2]
[-1, 1, 11, 0, -2, 0, -1, -2]
[-2, -2, 15, -3, -2, 0, 0, 0]
[1, -1, -5, -4, -2, 0, -1, 0]
[-1, -3, -11, -1, -2, -2, -1, 0]
[2, 2, 6, 8, 1, -2, -2, -1]
[-1, 0, 18, 2, 2, 0, -1, -2]
[-2, -1, -24, -6, -2, -2, 0, 0]
[-1, -3, -6, -4, -1, 0, 1, 0]
[1, -1, -5, -1, -1, -1, 0, -1]
[-2, -2, -36, -6, -2, 0, -1, -2]
[-1, -1, -1, 2, -1, -1, -1, -1]
[-1, -1, -6, -3, -1, -1, 0, 1]
[-1, 0, -2, -3, -3, -1, -3, -4]
[0, -1, 1, -1, 0, -2, -2, 1]
[-1, 2, 56, 2, 0, 0, -2, -2]
[0, 0, 8, -1, -1, 1, 0, 0]
[0, -2, 7, -1, 0, 0, 0, -1]
[0, 0, -1, 0, 2, -1, 0, -1]
[-1, -1, -11, -1, -1, -1, 0, 0]
[-3, -6, -54, -8, -2, -1, -4, -3]
[0, 1, 20, 2, 0, 0, 0, 2]
[-1, -4, -15, -3, 0, -1, 0, 1]
[-1, 2, 2, -2, -1, -1, -1, -1]
[-1, 1, 15, 7, -2, -3, -1, -2]
[-1, 0, -7, -4, -2, 0, 0, 1]
[-2, 0, 17, -1, -1, -2, 2, 0]
[0, 2, 23, 5, 1, -1, -1, -1]
[-1, 0, 2, -3, 0, 0, -1, -1]
[0, 4, 46, 4, -1, 1, 0, -3]
[-2, -2, -2, -2, 0, 0, -1, -1]
[-1, -2, -9, -2, -1, 0, -2, 1]
[0, 0, -11, -1, -1, -1, 0, -2]
[-1, -2, -14, -1, -1, -2, 0, -2]
[-2, -1, -21, -1, -1, -1, -1, -1]
[-1, -2, 47, 5, -2, -1, -2, -1]
[-1, -4, -9, -3, 0, 0, -1, 0]
[-2, -3, -19, -6, 1, -1, -1, 0]
[0, -1, -10, -2, -3, -1, -2, 0]
[0, -1, 4, -2, 1, -1, -1, -2]
[-1, -3, -20, -6, -2, -1, 0, -1]
[0, -1, -30, -7, -1, 1, -1, 0]
[-3, -3, -14, -4, 0, -2, 0, -2]
[-1, -6, -45, -9, -2, 0, -1, 0]
[-1, -1, 3, 1, 0, -1, 0, -2]
[1, 0, 6, 0, -1, 0, -1, 0]
[-1, -3, -10, -1, -2, -3, -1, 1]
[0, 1, 7, 5, 1, 0, 0, -1]
[0, 1, 9, 4, 0, -1, 1, -2]
[0, 2, 31, 3, 0, -1, -1, 0]
[0, -2, 5, -5, -4, -1, -1, 0]
[-1, 3, 2, 1, 0, 1, -1, -1]
[-1, 0, 21, 2, 0, -1, 1, -1]
[0, 0, -14, -1, 1, -1, -2, 0]
[1, 4, 51, -10, 0, 0, -2, -2]
[-2, 1, 9, 4, 2, 0, 0, 0]
[-1, 4, 5, 4, -1, -2, -1, -1]
[-2, -4, -5, 13, 0, 1, 0, 0]
[0, 5, 58, 23, -1, -1, 0, 1]
[2, 2, 59, -5, -1, 0, 1, 0]
[-2, 4, 77, -3, -7, -2, -2, -2]
[1, -2, -23, -2, -6, 1, 1, 0]
[-2, 1, 89, 11, 2, -2, -2, -4]
[0, 0, -1, -10, 0, 1, -1, 1]
[-4, 29, 29, 40, 4, -2, -5, -2]
[0, -18, -48, 8, 3, 0, 0, 0]
[11, 10, -35, -14, -11, 0, 3, 3]
[-10, -32, -68, -43, -40, -16, -7, -4]
[-5, 17, 70, 58, -23, -7, -4, -5]
[5, -5, -22, 40, 22, -3, 1, 2]
[-7, -31, -93, 57, 42, 6, -1, -4]
[-5, -44, -10, -8, -18, -7, -3, -3]
[-3, 10, -74, -82, -30, -15, -7, -1]
[-8, 39, 10, 71, 44, 13, 1, -4]
[-1, -28, -12, -89, -25, -6, -5, -4]
[4, -1, 10, 18, 13, 9, 4, 2]
[10, -21, -6, -15, -2, -4, -4, -2]
[20, -8, 7, -70, 5, 16, 8, 21]
[63, 102, 30, 33, 13, 0, -2, 10]
[61, -8, -17, 0, -3, -13, -27, -20]
[-37, -43, -33, 18, 1, 0, -2, -13]
[77, 44, 15, -55, 4, -4, -26, 28]
[-10, -71, 15, 24, 8, -4, 9, -11]
[55, 63, 1, -7, 2, 8, 72, -32]
[-19, -102, -50, -60, -33, -34, -52, 10]
[-77, 10, 0, -35, -26, 0, -74, -81]
[21, 62, -18, -60, -42, -10, -6, -13]
[39, -107, -14, -40, 12, 19, 117, 110]
[73, 15, -10, -5, 0, 18, 40, 51]
[84, 37, 21, 12, 10, 17, 73, 67]
[-87, -71, -52, -43, -40, -79, -108, -66]
[7, -7, -5, 69, 26, 8, 73, -8]
[-59, 27, 10, 11, -8, -6, -109, -46]
[1, 20, -6, -12, -13, -21, -88, -23]
[-1, 53, -2, -3, 4, -9, 36, 28]
[-66, -91, -18, -22, -15, -27, -81, -90]
[-34, -59, 10, 36, 5, 11, 16, -61]
[-123, -83, -59, -49, -50, -28, -38, -97]
[-12, 61, -6, -77, -15, -7, -29, 0]
[4, -96, -61, -16, -16, -39, 25, -27]
[-26, 51, 4, -18, -10, -3, -116, -32]
[-89, -14, -49, -29, -25, -14, 13, -87]
[64, 88, 12, 98, 56, 47, 68, 76]
[8, 86, -14, -38, -11, -22, -34, -43]
[127, -50, -7, -49, 3, 6, 22, 1]
[11, 22, 62, 92, 15, 5, 68, 98]
[-17, -19, -12, -59, -25, -5, -92, -50]
[39, 32, -24, -119, -40, -20, 11, -28]
[-69, -110, -27, -51, -48, -23, -8, -7]
[-4, 20, 14, 32, 5, 24, 20, 14]
[-112, -85, -63, -75, -35, -49, -114, -60]
[-6, 44, 8, -30, -17, 3, -6, -8]
[113, 127, 23, 59, 28, 23, 53, 15]
[-24, -40, -59, -40, -26, -30, -78, -73]
[48, 127, 3, -78, -27, 15, 4, 12]
[-12, 10, 22, 13, 29, 5, -23, 17]
[-65, -2, -11, -24, -20, -28, -80, -34]
[-48, -86, 31, -3, 23, 38, 127, 40]
[-53, 77, 10, -3, 2, -13, -56, -16]
[-72, -53, 12, 50, 35, 20, 0, -7]
[56, 10, 49, 60, 25, 0, -37, 26]
[4, -37, -16, 19, 2, -1, -1, -6]
[108, 127, 95, 126, 91, 60, 35, 14]
[36, 54, -8, 8, -3, 0, 37, 24]
[40, 58, 14, 44, 18, 2, 3, 0]
[-24, -4, -52, -48, -33, -22, -50, -26]
[-46, 39, 9, 36, -9, 5, -19, -23]
[-86, -114, -93, -95, -46, -68, -90, -30]
[-39, -28, -20, -41, -35, -14, -26, -35]
[-25, -71, -22, 25, 15, 6, 30, -30]
[-4, -26, 52, 101, 78, 17, 50, 53]
[3, 9, 8, -32, -5, 2, -46, -6]
[4, 64, 45, 47, 24, 17, 16, 30]
[27, 93, 26, -10, 3, 10, -39, -9]
[5, 53, 8, 48, 4, 8, 28, 5]
[12, -26, -11, -57, -30, -15, -9, -1]
[73, 54, -2, -53, -21, 13, 49, 39]
[-17, 22, 14, 19, 14, 1, -21, -19]
[-15, -18, -15, 5, -10, -1, -4, -9]
[32, 3, -4, 16, 4, 6, -1, -1]
[-18, 7, 11, -1, -3, 0, -17, -14]
[-18, -9, 13, 13, 6, 2, 5, -4]
[-10, 11, 20, -13, -5, -1, -5, -3]
[20, 22, 31, 13, 2, 2, -6, 1]
[-17, -11, -7, 9, 1, -4, -29, -11]
[-2, 5, -7, 11, -1, 4, 24, 14]
[6, 16, 103, 87, 12, 6, 18, 18]
[-5, 4, 70, -23, -12, -7, -3, -12]
[9, 12, 51, 10, 3, 4, 7, 22]
[-2, -9, -56, -35, 0, 1, 1, 6]
[4, -12, -128, -14, 3, 2, -1, -32]
[-56, -64, -69, -35, -17, -9, -1, 12]
[0, -22, -128, -59, -12, 1, -1, 9]
[30, 29, -28, 28, 26, 11, 6, 66]
[-11, -6, 118, -19, -7, -1, -3, -49]
[18, -24, -91, 13, 6, 0, -8, -18]
[15, -26, -35, -122, -17, -4, -7, -14]
[-20, -44, -52, -51, -8, -4, -6, -14]
[-2, 23, 7, -22, -5, -3, -3, 2]
[0, -5, 66, -14, -7, 1, 2, -5]
[7, 0, 12, -74, -9, -3, -1, -6]
[0, 20, 28, 27, 4, 0, -1, -8]
[1, -2, -23, -34, -6, -1, -3, -3]
[4, 15, 77, 48, 6, -3, -3, -1]
[-1, 2, 11, 22, 0, 0, 1, -3]
[-1, 4, -22, -29, -5, 1, 1, 2]
[-4, -17, -91, -15, -5, -6, -4, -4]
[-1, -7, -1, -23, -7, -3, -1, -4]
[-3, -20, -46, -17, -3, 0, 1, -1]
[1, 8, 17, -15, -3, -1, -2, -1]
[-2, -28, -12, 13, -1, 0, 0, -2]
[1, 3, -16, -7, 3, -1, -1, -2]
[0, -9, 31, 0, -2, 0, -2, -2]
[1, 9, -5, -17, -3, -2, -3, 0]
[-1, -14, -51, -1, -1, 1, 1, 0]
[-1, -5, 15, 4, -2, -1, 1, 0]
[0, -3, -19, 23, -1, 0, 0, -1]
[1, 2, 20, -9, 0, 1, 1, 0]
[-1, -9, 6, -1, 4, 1, 2, -1]
[0, 2, -10, 2, 2, 0, 0, -1]
[-8, -14, -81, -15, -4, -1, -3, -1]
[-4, -4, -14, 3, 2, -1, -2, -3]
[-2, -5, -10, -8, 1, -1, 0, -1]
[-4, -8, -38, 14, 2, -2, -2, -2]
[3, 5, -1, -5, -1, -1, -1, -1]
[0, -19, 18, -4, -2, 0, 1, -2]
[-6, -14, -3, -9, -8, -4, -5, -2]
[0, 3, -23, -1, 2, 1, 0, 1]
[1, 10, 37, 5, 0, -2, -2, -2]
[-2, -17, -14, 9, 3, -1, 0, -1]
[5, -3, -10, -26, -3, 1, 0, 0]
[1, 23, 20, 4, -3, -2, -2, 0]
[-1, -2, -5, -4, -1, 0, -1, -1]
[0, 12, 39, 11, 0, 0, 1, 0]
[-2, -10, 18, 3, -9, -1, -1, -1]
[0, 3, -55, -5, 1, -1, -1, 0]
[2, 16, -15, 6, 1, 0, 0, -1]
[1, 3, -16, -2, -2, 2, 2, 2]
[1, 7, -25, -3, 1, 1, 1, 1]
[-2, -7, -5, 1, 0, -1, 1, -1]
[-1, -7, 25, 0, -2, 1, 0, 0]
[-3, -2, -14, 14, 2, 1, -2, -2]
[-3, -6, 32, -7, -3, -3, -4, -2]
[0, -7, -40, 5, 0, -5, -5, -6]
[-1, -10, -21, -6, 1, -2, -2, -1]
[-1, 0, 39, -1, -7, 0, 0, 0]
[3, 5, -3, -8, -2, 1, 1, 0]
[-1, 0, 28, -8, -3, -1, -1, -2]
[0, 7, 70, 3, 2, -2, -3, 0]
[1, 8, 85, 35, 2, -2, -1, -2]
[0, 5, -44, -28, -4, 2, 4, 3]
[0, 3, -73, -9, -2, -1, 0, 0]
[-4, -7, 100, 17, 2, -3, -4, -2]
[1, -1, -29, -23, -2, 1, 1, 4]
[26, -1, -59, -14, 0, -2, -1, -6]
[-9, -2, 23, 0, 0, 1, 0, -1]
[-15, 2, 0, 8, 1, 2, 0, -1]
[11, -3, -34, -14, -1, 1, -5, -29]
[32, 40, 14, 2, 0, -1, 6, -7]
[-13, 12, -5, -5, -2, -6, -29, -15]
[2, -27, 13, 4, 3, 10, 90, 107]
[-16, -6, -5, -5, 7, 2, -5, -11]
[4, 10, -4, -2, 1, 4, -13, -17]
[25, -6, -10, -2, -1, 0, -3, 15]
[1, -10, -3, -8, -2, -3, -16, -14]
[-3, 7, 4, 0, 0, -1, -7, -1]
[-18, -3, -14, -6, -5, 1, 7, 13]
[-15, -11, -46, -15, -5, -1, -24, -13]
[13, -7, 5, -7, -8, -1, 9, 10]
[-15, 5, -1, -4, -3, -4, -22, -19]
[2, 8, 16, 0, 6, 2, -4, -4]
[21, 1, -1, 5, -1, -2, -8, -17]
[-4, -4, 5, 8, -3, -3, -5, -26]
[7, 13, -4, -6, -4, 2, -28, 1]
[-30, -11, -1, -1, -6, -7, -4, 2]
[-38, 5, 16, 17, 26, 15, 15, 34]
[6, -6, -15, -12, -11, -9, 2, -14]
[-12, 10, -7, -7, -9, -7, 8, 18]
[1, 3, -18, -30, 1, 1, 4, -34]
[-7, -5, 8, 19, 2, -3, -13, -11]
[-15, -11, -46, -15, -5, -1, -24, -13]
[-46, -5, -6, -9, -12, -10, 2, -10]
[7, 0, -3, 26, 7, 3, 17, 26]
[24, 10, 3, -5, -6, -3, 0, -9]
[10, -7, 9, 1, -6, -3, -5, -35]
[-8, -6, -18, -23, -7, 7, 28, 53]
[-7, -5, -20, -25, -6, -2, -10, -128]
[-33, -6, -8, -6, -9, -12, 15, 15]
[-8, 15, 8, 5, 5, -1, -64, -48]
[-60, -10, -4, 0, -1, 4, 5, -70]
[13, -6, -3, -3, -7, -11, 4, 11]
[5, -3, 1, 7, -3, -12, -4, 40]
[4, -11, -11, -4, -5, 1, 35, 31]
[-5, -3, -5, -13, -3, 3, 8, 11]
[46, 4, -3, -5, 13, 8, 10, 49]
[-11, -25, -50, -85, -23, -15, -1, -1]
[8, 22, 64, 20, 0, -3, 1, 11]
[11, 2, -37, -128, -60, -21, -12, 1]
[2, 14, 67, -16, 14, 18, 12, 9]
[-22, -27, -19, -42, -48, -32, -17, -13]
[17, 10, 93, 36, 10, 4, 6, 16]
[2, 1, 18, -114, 8, 5, 5, 4]
[15, 39, 19, 62, 24, 13, 10, 15]
[7, 7, -103, -48, -13, -6, 1, 5]
[-5, -12, -128, -5, 2, -5, -2, -3]
[-17, -51, -21, -40, -18, -4, -4, -5]
[-2, 16, 22, 23, 4, -4, -6, -3]
[2, -9, -53, 22, 19, 8, 6, 1]
[8, -10, -25, -70, -2, 1, 6, 8]
[1, 33, 69, 43, 17, -3, -7, -6]
[19, 27, -16, -43, 0, 14, 14, 17]
[-2, -38, -40, -50, -12, 3, 2, 1]
[-5, 24, 123, 127, 18, 1, -6, -7]
[-9, -27, 62, -4, -11, 0, -2, 0]
[-2, 20, 127, -18, -47, -3, 2, 0]
[-32, -57, -128, -28, 5, -14, -18, -25]
[30, 10, -59, -122, -17, 16, 26, 30]
[6, 40, 13, 26, 16, 2, 1, 3]
[-17, -24, -128, -7, 40, -2, -10, -13]
[-5, -29, -39, 15, 16, 1, -1, -1]
[15, 26, 119, 95, -22, 16, 13, 11]
[3, 27, 79, 87, 16, -2, -4, -4]
[-6, -17, -48, -85, -20, -8, -2, -1]
[21, 35, 20, 58, 15, 8, 9, 12]
[7, -10, 72, 32, 0, 3, 8, 7]
[-13, -44, -7, -19, 15, 4, 3, -2]
[-8, 10, 105, 58, 14, -11, -13, -13]
[19, 78, 69, -15, 19, 14, 9, 11]
[17, 25, 15, 88, 23, 14, 12, 14]
[-11, -49, -111, -98, -33, -6, 2, 1]
[0, -9, 0, 65, 29, 3, -2, -2]
[-23, -79, -87, -128, -25, -13, -12, -14]
[17, 40, 96, 122, 36, 13, 5, 8]
[7, -10, 116, -2, -5, 11, 11, 10]
[-15, -31, 76, 33, 7, -16, -13, -11]
[-29, -56, 3, 28, 12, -21, -22, -23]
[5, 22, 5, 81, 31, 12, 7, 6]
[5, 49, 41, -62, -9, -9, -11, -11]
[19, 45, 9, 40, 23, 19, 15, 16]
[-9, -57, -89, -80, -13, -5, 1, 0]
[-3, -16, -52, -62, -26, -2, 0, 1]
[17, 12, -66, -94, -15, 6, 6, 10]
[12, 36, 84, -69, -27, -2, 2, 7]
[13, 54, 59, 9, 12, 12, 10, 8]
[-34, -86, -126, 35, -2, -26, -24, -23]
[-7, -9, 31, 61, 13, -5, -6, -8]
[-12, -25, 7, 50, -9, -6, -4, -5]
[-11, -9, -57, 27, -16, -22, -25, -15]
[14, 17, 39, -37, -1, 34, 12, 3]
[8, 5, -57, -78, -30, -18, -3, 9]
[32, 4, 13, 10, -12, -6, 5, 21]
[12, 12, 8, -32, -13, -11, 13, 38]
[-17, -11, 63, 35, -5, 0, 3, -13]
[-59, 0, 12, -37, -11, -40, -5, 14]
[0, 8, 20, -7, 7, 73, 18, -15]
[38, 11, 14, -20, -15, -24, -3, 43]
[10, -1, -16, 0, 6, 19, -29, -11]
[7, 14, 10, -31, -6, -2, 9, -2]
[41, 10, 15, 20, 15, -11, -5, -75]
[34, 2, 4, -1, -3, -16, -31, -4]
[-38, -4, 6, 16, 4, -20, -14, 33]
[-70, -16, -16, -9, -15, 14, -65, -50]
[-39, -51, -3, 1, -2, -11, 47, 48]
[65, 34, 7, -9, 7, 11, 12, 77]
[100, -4, 3, 10, 6, 10, 14, -59]
[-77, -11, -5, 2, -7, 20, -28, -49]
[-6, 12, -3, -4, -3, -18, 22, -26]
[-96, 4, 4, -10, -13, 2, -7, -38]
[-76, -12, 1, -9, -11, -16, -105, 5]
[-34, 5, -4, -9, -4, -30, 21, -5]
[-25, 3, 6, -2, -19, -46, -23, 62]
[35, 15, 32, -4, -1, -1, 6, 127]
[33, -14, 1, 2, 3, 2, 58, -2]
[8, 6, 9, -3, 9, 7, 36, 51]
[3, -2, 7, 12, 11, -1, -41, 44]
[32, 12, -21, -4, 13, -18, 23, 54]
[54, 12, -14, -5, -1, 20, -67, -92]
[65, -2, -4, -5, 5, -20, 53, -37]
[-39, -8, -42, -12, -14, -19, 37, -120]
[51, -5, -7, 1, -6, -4, -51, -62]
[-5, 17, 11, 5, -3, -5, -20, 26]
[49, 6, -23, 2, 13, 64, 116, 78]
[25, -10, 0, -10, -12, 1, -15, -31]
[-9, 6, 30, 7, -2, -29, -43, 57]
[-18, -4, -43, -7, -3, 9, 57, 57]
[-62, -7, -3, 0, -9, -23, 44, -103]
[-34, -9, -11, -4, 2, 15, -36, 13]
[-8, -16, 27, 11, 4, 0, -28, 76]
[-5, -3, -7, -8, -4, -13, -27, 13]
[-24, 12, 2, -10, -26, -64, 90, 91]
[-12, -17, -16, -11, -2, -32, -89, 91]
[-1, 3, 1, -4, 8, -19, 1, 15]
[9, -2, 28, 9, 17, 82, 33, -43]
[-16, -5, -13, -5, -8, 3, -56, -51]
[77, 7, -32, 0, -7, -74, -58, -75]
[-31, -10, 3, -3, 2, 6, -29, -69]
[7, -1, -34, -6, -5, -13, -1, 45]
[-38, -10, -21, -7, -3, 32, 16, -21]
[70, 7, 17, 8, 14, 69, 14, 83]
[-20, 1, 12, 6, 3, -30, 35, 27]
[12, 4, 1, 4, -11, 29, 20, -65]
[-61, 3, 9, -18, -21, -49, -45, 17]
[-42, -6, 20, -3, -7, 9, 46, -9]
[24, -4, -6, -4, -2, -4, -5, 9]
[10, -4, 9, 9, 16, 6, -13, 30]
[111, -1, -9, -11, -3, -17, 15, -11]
[59, -13, -14, -7, -11, 1, 55, 1]
[-13, 5, 12, -6, -6, -37, -44, -72]
[-22, 3, 1, -4, -8, -22, -8, -61]
[-70, 0, 1, -12, -1, 16, -5, -11]
[31, 9, 18, 2, -7, -20, -65, 33]
[-14, 2, 4, 5, 12, 30, -76, 18]
[5, -9, -15, -4, -5, 10, 3, 44]
[36, -5, -13, -3, -7, -29, -21, -29]
[5, 9, 5, 16, 15, 19, 31, 100]
[30, 5, -10, 17, 38, 94, 76, -8]
[26, 6, 2, 2, -4, -21, 19, 64]
[-37, -7, -10, 2, 8, 21, -20, -8]
[2, 0, 9, -2, 4, 13, -6, -46]
[54, 7, 0, 0, -9, -7, 3, -28]
[-5, 0, 0, -2, 1, 12, -21, 2]
[-54, -14, -15, -11, -13, -32, -20, -87]
[-11, -4, -4, -10, -32, -68, -75, 23]
[-38, -15, -22, -11, 5, 24, -1, -39]
[30, 9, -1, 1, 5, 32, 5, 26]
[-26, -2, 13, 11, 11, 20, 7, 56]
[31, -8, -11, -3, 7, 13, 12, -23]
[-4, 6, 4, 3, 13, 24, 27, -24]
[5, -6, 5, 5, 4, 21, -42, -42]
[-18, -3, 0, -6, -10, -12, 30, 92]
[-20, -5, -7, -8, -11, -20, -14, -30]
[-11, -11, -6, 7, 2, 1, 36, 3]
[53, 7, 9, 5, 0, -2, -19, 6]
[-13, 5, 5, -2, -12, -9, -18, 32]
[-33, -4, -6, -1, 9, -3, 31, -90]
[-63, -7, 11, 12, 6, -2, -4, -8]
[-11, 6, -8, -12, -21, -23, 31, 84]
[-21, -9, -5, -3, -5, 7, 28, 28]
[-19, 5, 6, 1, 3, 17, 14, 16]
[11, 7, 8, 5, 16, 31, -10, 16]
[56, 13, -2, -1, -5, -4, 28, -47]
[-25, 9, 3, -2, -2, -11, -21, 55]
[-3, -11, -20, -13, -10, 2, -2, 71]
[-32, 7, 13, 11, 16, 14, 16, 16]
[20, -3, 1, 3, 5, 0, -31, -62]
[0, -5, -8, -5, 2, 5, -7, -29]
[8, -5, -4, 3, -1, -16, -23, -46]
[6, 2, 2, -1, -3, -7, -16, -12]
[10, -4, -3, 0, 0, 0, -5, -16]
[-4, 2, 8, -4, -7, -5, -2, -8]
[6, -5, -13, -45, -17, -6, -11, -15]
[0, -1, -7, -20, -9, 21, -3, 0]
[8, 5, 9, -2, 6, 29, -1, -10]
[1, -3, -3, 1, -7, -27, -4, -12]
[0, -3, -19, 9, -6, -22, -1, -6]
[1, -2, 21, -30, -1, 7, -4, -7]
[6, 11, 68, 15, 43, 32, 4, 3]
[20, -3, 1, 3, 5, 0, -31, -62]
[1, -2, 21, -30, -1, 7, -4, -7]
[7, 8, 42, -50, -15, 9, 2, -1]
[1, -14, -3, 48, 12, 7, 3, -1]
[5, 31, 118, 45, 6, -2, -4, -4]
[-12, -28, -60, -1, -27, -7, -8, -11]
[2, 5, -26, 80, 32, 9, 4, 3]
[2, 1, 25, 47, 14, -1, 2, 1]
[-3, -2, -3, -21, -9, -1, 0, -2]
[1, 5, 51, -11, -7, -7, -2, -1]
[-3, -3, 6, 3, 3, 0, -2, -2]
[-1, 3, -11, -40, -15, -5, -4, -5]
[-1, -2, -4, -2, -1, -1, -1, -3]
[-1, 2, 3, -3, -1, 0, -1, 1]
[-2, -4, -45, -18, -3, -4, -3, -2]
[-1, -7, -39, 1, -4, 0, 0, -2]
[1, 6, 69, 90, 14, 5, 3, 1]
[0, -6, 15, -29, -10, -5, -1, -1]
[3, 1, 17, 2, 12, 2, -1, 0]
[-1, 6, 46, -17, -15, -3, -4, -3]
[-2, -5, -16, -3, -5, -4, -1, 0]
[-3, -2, -20, -24, -2, -3, -2, 0]
[-4, -12, -28, -34, -8, -4, 0, -2]
[2, 4, -20, 11, 3, 1, 0, 1]
[-3, -5, -53, -11, -9, 0, 0, -1]
[-4, -6, 22, -1, 2, 0, -2, -2]
[2, 3, -28, 42, 18, 3, 1, 1]
[-5, -13, -32, 4, 1, -1, -4, -4]
[3, 5, 0, 15, 3, -1, -1, 0]
[1, 4, 5, -10, 1, -1, 1, 0]
[0, 2, 23, -4, -9, -2, 0, -2]
[-1, 3, 5, -5, -3, -1, 0, -1]
[-1, 0, 21, -19, -7, -1, -1, -2]
[-1, 0, 11, -17, 1, 1, 1, -2]
[3, 7, 38, 30, 2, 1, 1, 2]
[-2, -3, -26, 20, 3, 1, -1, 0]
[-1, 1, -43, -45, -10, 0, -2, -1]
[-2, -6, 10, 0, -6, -5, -2, -2]
[-1, 3, 36, -4, -2, 0, 0, -1]
[-2, 2, 17, 7, 1, -2, -3, -2]
[-1, -3, 11, -6, 4, 3, 0, -1]
[2, 0, 15, 22, 8, 3, 1, 0]
[-3, -14, -20, -36, -3, -3, -4, -1]
[-1, -1, -27, -14, 7, 1, -1, 1]
[3, 5, 12, 11, 2, 3, 1, 0]
[-4, -3, 32, 13, 0, -2, -2, -3]
[0, 2, -7, 0, 3, 0, 0, 1]
[-1, -6, -35, -6, -5, -3, -1, -1]
[-2, -3, -17, -24, -5, -3, -2, -2]
[-3, -2, 22, 10, -1, 0, -2, 0]
[-1, -2, -8, -20, -6, -2, -2, -2]
[3, 4, -59, 13, 17, 3, 2, 2]
[-5, -9, 12, -24, -4, -5, -2, -3]
[2, 1, 5, 7, -4, 1, -1, 1]
[2, 7, 51, 12, 3, 1, 0, 1]
[-2, -3, 36, 26, -1, -2, -1, -3]
[2, 7, 14, 6, -1, -1, 2, 1]
[-1, 1, -13, 1, -1, -1, 0, -2]
[-3, -12, -97, 1, 1, -1, -2, -2]
[-2, -3, 11, -15, -6, -1, 0, 0]
[0, 3, 57, -33, -7, -3, 0, 1]
[-1, 1, -12, -37, -16, -4, -2, -1]
[0, 1, 4, 8, -6, -1, -1, 0]
[0, 2, 28, 5, 5, 1, 2, 0]
[-1, -5, -14, -7, -3, 0, 0, -2]
[-2, 2, 8, 0, -6, -1, -1, 0]
[2, -1, 9, -2, -2, 3, 0, 0]
[-3, -6, -20, -4, -3, -3, -3, -4]
[-2, 2, 35, -10, -5, -4, -3, -2]
[1, -3, -39, -20, -8, 0, 0, 1]
[-3, -4, -13, -7, 1, -1, -1, -1]
[-1, -1, 0, 4, -2, -1, 1, 0]
[0, -1, -3, 3, 0, -1, 0, 1]
[1, -2, -7, 7, 8, 1, 0, 0]
[0, -5, -11, 3, -1, 0, -1, 1]
[-1, -8, -18, -5, -7, -1, 0, -1]
[1, -1, -8, -10, -3, 1, 1, 0]
[-1, 0, 3, -4, -2, -2, -2, -3]
[-1, 1, -2, 6, -1, -1, -1, 1]
[-1, -2, -8, 7, 0, -1, 0, -1]
[-2, 0, 20, -5, -3, -3, 0, -3]
[-1, 1, -4, 2, 2, -2, 0, 0]
[2, 6, 44, -2, -2, -2, 0, 0]
[-2, -2, -1, 0, -2, -3, -1, -1]
[0, 4, 5, 4, 3, 2, 0, 0]
[-2, 1, 1, 1, 0, 0, 0, 0]
[0, 1, 16, 0, -1, -1, -1, -2]
[0, -1, 11, 0, 2, -1, 0, -1]
[-1, -2, -8, 2, -1, 0, -2, -3]
[-1, 2, 23, 19, 1, -2, -1, 2]
[-2, -2, 10, 1, -1, 1, -1, -1]
[1, -6, -42, -9, 1, 0, 0, 2]
[0, -1, -1, -6, -1, 1, -1, -1]
[-4, 2, -4, -2, -2, -1, 0, -7]
[-2, 0, -3, 3, -1, -1, 1, 1]
[-1, 2, 11, -5, -5, -3, -2, 0]
[-1, -2, -1, -2, 0, -1, -1, 0]
[-2, -12, -25, -2, -1, 0, 1, 0]
[1, 3, 15, 3, -1, 0, 0, -1]
[-1, 0, 25, 4, 1, 0, -3, -2]
[0, 8, 16, -7, -5, -1, -1, 0]
[-2, 0, 6, -2, 0, -1, -2, -1]
[-2, -1, 2, 0, -3, -2, -1, -1]
[-2, -3, -37, -6, -5, -4, -2, -1]
[-3, -6, -53, -4, 0, -3, -2, -4]
[-1, -5, 8, -17, -3, -3, -1, -1]
[2, 6, 3, 8, 0, 1, 0, 1]
[-1, -4, -2, -3, -2, -1, 0, 0]
[-1, 0, 11, -1, 0, -1, 1, 0]
[0, -2, 3, 6, -1, -1, -2, 1]
[0, 1, 9, -1, 2, -1, 0, 0]
[-1, 3, 19, 7, 5, -1, -1, -2]
[0, 1, 11, -1, -1, 1, 2, 2]
[1, 5, -1, -3, -3, -1, 0, 1]
[-1, -4, 1, -2, 1, -3, -1, -2]
[1, 0, -3, -1, 2, 2, 1, 2]
[-1, -5, 5, 3, 1, 1, 0, -1]
[-1, -3, -15, 2, 1, 1, 0, -2]
[-3, -2, -8, -3, -3, 1, 1, 0]
[0, 5, -6, -2, -2, -1, -1, -2]
[0, 1, 6, 3, 1, -2, 0, 0]
[1, 0, 5, 1, -2, -2, -1, -1]
[-1, 1, 19, 1, 0, 0, -2, -1]
[-2, -10, -49, -1, 0, 0, -2, -2]
[-7, 29, 3, 5, 2, -1, -3, -4]
[-1, 1, -11, -9, -3, 3, 2, -2]
[1, 5, 15, 0, -3, -1, 0, 0]
[-2, -6, 37, -1, -2, -3, -2, -1]
[1, -3, 9, 4, -1, -2, -3, 0]
[0, -3, 15, 3, 0, -2, 1, 3]
[-4, -7, -17, -3, -1, -2, -2, -4]
[-1, -2, -2, 3, -1, -1, -2, -1]
[-1, -12, -68, -10, -5, -2, 0, 0]
[-2, 1, -17, 1, 1, -3, -4, -2]
[0, -1, -14, -2, 0, 1, -1, -1]
[-1, 0, 17, 2, -3, -1, -1, 2]
[1, 2, 18, -2, 2, 0, 0, -1]
[0, 7, 49, 2, 0, -1, 0, 1]
[-3, -5, 0, -1, -1, -2, -2, -2]
[-3, -9, -38, -12, -5, -1, -1, -2]
[2, 1, -3, -4, -4, 0, 0, 0]
[0, 0, 3, -2, -1, 1, 0, 0]
[1, -1, -3, 1, 2, -1, -3, -1]
[-1, -3, 5, 0, 0, -1, 0, 0]
[0, -3, -15, 0, 0, -2, 0, 1]
[0, 1, 37, -3, 0, 0, 2, 0]
[-1, -5, 2, 0, 1, -1, 0, -1]
[1, 1, 0, -4, -2, 0, 1, 1]
[-1, 1, -25, -2, -2, 0, 0, 1]
[0, -1, -8, 1, 4, 1, 0, 0]
[2, 3, 11, 4, 1, 0, 1, 0]
[1, 3, 48, -5, 0, 2, 1, 2]
[-1, 2, 17, 3, 2, 1, 0, 0]
[1, 2, 18, 0, 0, 0, -1, -1]
[0, -2, 4, -6, -7, -3, -2, -3]
[0, 0, -10, 3, 0, -1, -2, 0]
[0, -1, -16, 1, 1, 0, -2, 0]
[0, 2, -2, 0, -2, 0, -1, -2]
[-2, 2, 11, 0, 0, 1, 0, 0]
[-2, -2, -28, 0, -3, -3, 0, 1]
[-2, -1, 31, 6, 3, 2, 0, -2]
[-2, -3, 5, 22, 3, -2, 5, 26]
[-3, -5, -45, -24, -5, -5, -1, -1]
[1, 5, 27, 11, 2, 0, 2, 0]
[-1, -6, -30, -3, 0, 1, -2, -5]
[-1, 2, 16, 1, -3, -1, -1, -7]
[0, 3, 15, 8, 3, -1, 4, 4]
[-6, 0, 2, -2, 0, 0, 4, -4]
[-1, -2, -12, -3, -5, -3, 6, -3]
[1, -3, -6, -6, -1, -4, 18, -9]
[17, 0, 8, 3, 1, -17, -13, -26]
[23, -1, 2, 4, 2, 4, -40, -4]
[-15, -8, -6, -5, -3, -7, 11, -15]
[31, 2, -4, -4, -3, 4, 18, 18]
[-43, -14, -8, 0, 0, 15, 24, -49]
[-43, 5, 4, -1, 2, 7, 20, -38]
[0, 7, 2, 4, 16, 65, 35, 21]
[11, -2, -7, -5, -4, 12, -14, -77]
[14, 4, -1, -2, -5, -27, -16, 108]
[49, 4, -3, -3, -10, -22, -2, 4]
[-18, 5, 0, -1, 3, 31, 67, 55]
[6, 16, 0, -6, -7, -35, -14, 67]
[-17, 1, 7, 8, 11, 56, 9, 38]
[-79, -6, 1, 7, -2, -4, 27, 22]
[-53, -23, -5, -2, -4, -26, -40, 31]
[-24, 6, 5, 2, 2, -7, -5, 18]
[-22, -19, -11, -16, -13, -22, -42, -98]
[12, 22, 15, 18, 22, 7, 10, 77]
[16, 3, 1, 3, 16, 38, -21, -96]
[77, 17, 8, 8, 15, 59, -11, -25]
[47, -9, -8, -7, -10, -1, -37, 14]
[-25, -4, 0, -4, -10, 4, 10, -18]
[46, 8, -2, -6, -9, -30, -30, 84]
[9, 2, -12, 0, -1, -29, -39, 119]
[-46, -11, -8, -12, -29, -68, -33, 41]
[-2, -6, -4, -3, -5, 22, -40, -57]
[-60, -11, 1, 6, -1, 3, 16, -107]
[-97, -1, 15, 8, 14, 0, 21, 4]
[14, 4, -1, -2, 1, 16, 22, -55]
[-24, 9, 21, 18, 39, 49, 79, 106]
[127, 5, -4, -14, -23, -49, -26, -26]
[27, -9, -14, -8, -19, -55, -58, -68]
[37, 16, 14, 12, 12, -13, -12, -69]
[65, 11, 5, -4, -9, 11, -16, -83]
[-61, 3, 27, 22, 13, -28, -22, -7]
[-26, 15, 25, 9, 6, 40, 56, 117]
[6, -3, 4, 6, 15, 76, 39, -7]
[-35, -2, -8, -6, 1, 8, 12, 114]
[-3, -2, -16, -4, -9, -11, -5, 4]
[-106, -3, -18, 0, 1, -14, 13, -24]
[-7, -2, -7, 12, 27, 67, 9, -59]
[-11, 0, 4, 6, 11, 31, -2, -1]
[-18, 1, -6, 4, 7, 10, 10, -63]
[53, 9, 10, -4, -14, -37, -1, -64]
[22, 15, 8, -1, -13, -66, -45, 72]
[36, -7, -18, -5, -8, -13, -17, 31]
[44, -3, 14, 5, -3, -18, -4, -61]
[-57, -11, 1, -2, 11, 48, 39, 39]
[-62, -10, 17, -2, 7, 21, 52, -32]
[-53, 0, -23, 2, 15, 38, 57, 47]
[6, 15, 4, 5, -3, -21, -35, 25]
[30, 2, -33, 3, 20, 52, 7, 27]
[0, 0, 16, -5, -6, -25, -37, -50]
[-5, -24, -57, -14, 1, 12, 31, 92]
[55, 6, -3, -9, -3, 51, -33, -97]
[-33, -27, -13, -10, -18, -16, -3, -54]
[27, -2, 0, 6, 11, 12, -19, -52]
[8, 7, 11, 7, -2, -16, 2, 61]
[-11, -7, -1, -8, -8, -20, 29, -33]
[22, -2, 13, 3, -3, -23, -6, 126]
[-18, -1, -21, -5, 4, 14, 14, -54]
[-52, 16, 27, 15, 20, 29, 38, 107]
[-63, -6, 2, -4, -3, -17, 6, 24]
[-4, 7, -4, -3, -1, 43, 4, -76]
[11, 2, -5, 7, 3, -23, -10, -49]
[45, -2, -9, -7, 0, -2, 16, 31]
[-52, -9, -9, -5, -5, 9, -18, -70]
[-23, 0, 8, 13, 10, 1, -14, 21]
[-21, 3, 2, -2, 1, -6, 0, -45]
[49, -2, -9, -10, -3, 26, 28, -41]
[0, -5, -6, -1, -7, -15, -6, -4]
[22, -2, -1, 1, 5, 17, 12, -5]
[19, 2, -1, -4, -6, -21, -9, 2]
[-15, -7, -2, -1, 0, -6, -3, -9]
[10, 1, -2, 3, 0, 5, 4, 13]
[-4, -5, -2, 1, 2, 1, -1, -9]
[14, 3, 0, 1, -1, -1, 2, 3]
[-4, -6, -15, -48, -32, -12, -7, -9]
[6, 8, -7, 37, 26, 28, 7, 6]
[4, -2, -32, 124, 55, 73, 4, 1]
[-5, -18, -50, -6, 5, 20, -2, -3]
[6, 2, 24, 59, 43, -91, -2, 1]
[2, -3, -25, -108, -47, -9, 3, 4]
[-5, -15, -96, -65, -12, 2, -1, -2]
[-3, -6, 10, -61, -12, 15, -4, -3]
[-1, -10, -58, 93, -23, 9, 3, 1]
[1, 20, 108, 126, 52, 22, -2, -7]
[-8, -11, 46, -93, -40, -7, -6, -3]
[-2, -2, 42, 16, -4, -1, 2, 4]
[2, -4, -63, -22, 3, -4, -1, 0]
[-1, 7, 18, 15, 3, 0, -2, -2]
[3, 3, -12, -19, -7, -1, 0, 1]
[-1, -4, -47, -2, -15, -5, -1, 1]
[0, 3, 13, 2, 6, -2, -5, -2]
[2, 5, -34, 44, 10, 8, 0, 0]
[-5, -3, 1, -11, -2, -3, -2, -3]
[0, -2, 9, -2, -5, -3, 4, 2]
[-1, 1, -3, -1, 2, -1, -1, -1]
[-1, 2, 7, -5, -5, -6, -2, -2]
[-3, -7, -42, -21, -8, -2, -3, -2]
[-2, -2, -8, 4, 0, 1, -3, -4]
[1, 0, 10, -10, -3, -1, 1, 2]
[1, 2, 35, 11, 20, 6, 3, 3]
[1, 4, 26, 4, 6, 0, 0, 0]
[-1, -1, -1, -3, -8, -3, -2, 0]
[2, 0, -5, 9, -1, 0, 2, 1]
[1, -1, 3, -13, -6, 1, 0, -2]
[-4, -9, -9, -16, -10, -1, -1, -1]
[-4, 2, -56, -9, -27, -7, -4, -4]
[-3, 4, 44, 12, 0, 0, -2, -2]
[-2, 1, 91, -17, -8, -5, -2, -3]
[0, -4, -12, -17, -15, 0, 2, 3]
[0, 11, -2, -6, -18, -1, -1, -1]
[10, 18, 59, 69, 49, 11, 5, 6]
[-3, -13, -36, -63, -16, -8, -2, -6]
[-19, -49, -98, 30, -7, -10, -7, -9]
[1, 2, -65, 25, 14, 1, 2, 2]
[6, 9, 47, 61, 9, 2, 3, 4]
[7, 8, -33, -72, 2, -4, -2, 2]
[2, -2, 7, 77, 40, 15, 2, 1]
[-4, -17, -57, 52, 29, 1, -1, -1]
[-10, -12, 77, 125, 52, 6, -2, -5]
[1, -6, 22, -27, 0, -1, 2, 3]
[4, 15, 18, -47, -8, 6, 2, 4]
[10, 25, 81, -64, 13, 10, 8, 8]
[8, 28, 60, -108, 41, 16, 6, 3]
[2, 12, 3, -64, -23, -13, -4, 0]
[-11, -56, 78, 78, 24, 20, 8, 1]
[8, 29, -73, -65, -40, -17, -3, 2]
[2, 6, 41, 37, 5, -9, -8, -5]
[-8, 8, 67, 25, -26, -5, -7, -9]
[8, 6, -54, -13, -6, 2, 9, 13]
[1, 7, 20, 8, 13, -4, -1, 0]
[-10, -14, 29, -72, -66, -40, -17, -11]
[-7, -20, -85, -13, -23, -1, -6, -8]
[-9, -40, -19, -45, -62, -18, -6, -4]
[4, 8, 66, -53, -28, 17, 8, 4]
[-2, -5, -76, -40, -49, -8, -9, -7]
[-2, -14, 8, -50, -34, -2, 3, 3]
[-6, -15, -70, 8, -8, -9, -1, -1]
[-6, -2, 69, 32, -7, -33, -17, -12]
[-2, 3, -13, 13, 13, -5, -3, -2]
[9, 31, 43, 53, 44, 51, 17, 6]
[-2, -10, 28, 89, 23, 22, 9, 3]
[11, 42, 21, 4, 61, 19, 9, 8]
[2, -7, -12, 54, 31, 1, -2, -1]
[5, 5, 54, -39, -32, -5, 1, 4]
[-4, -14, -3, 8, 24, 7, 4, 0]
[2, 24, 87, -117, -21, -5, 0, -1]
[5, 8, -45, 112, 20, 10, 3, 2]
[-7, -15, -35, -33, -20, -15, -8, -7]
[15, 19, 70, -128, -8, 0, 8, 13]
[-15, -13, 125, -2, 31, 0, -6, -8]
[12, 25, 6, 7, 10, 19, 11, 11]
[0, -9, -39, 78, 17, 12, 4, 2]
[-21, -34, 48, 2, -9, -24, -19, -18]
[-9, -24, -92, -49, -31, -1, -3, -4]
[3, 7, -40, 37, -4, -1, 0, 1]
[7, 11, -1, 5, 0, 6, 4, 4]
[0, -2, -10, -39, -15, -1, 1, -1]
[-1, 2, -18, -21, -13, -5, 5, -2]
[19, 10, 11, -3, -8, -5, 8, 11]
[0, 0, -12, 1, -9, -8, -4, -4]
[8, 3, 3, 10, -12, -4, -6, 1]
[27, 1, -3, -4, 6, 10, 16, -20]
[10, 0, -4, 7, -2, -5, -2, -3]
[-7, -3, -7, 2, 1, -2, -9, 12]
[1, -3, -20, 0, 3, 4, 5, 4]
[-16, -1, 8, 1, 1, -3, -7, -18]
[-14, -7, -4, 0, -3, 1, -2, 6]
[14, -1, -1, 1, 2, 0, -5, -1]
[-34, 0, -4, -3, 0, -1, 4, -14]
[1, -2, 2, 1, -1, -1, -2, -16]
[-35, 1, 3, 2, 3, 2, -5, -6]
[22, 7, -4, -1, -2, -5, 2, 1]
[13, 3, 26, -7, -9, -5, -1, -3]
[-4, 0, 3, -10, -4, -1, 1, 2]
[4, -1, 7, 10, 5, -1, -1, -5]
[5, -4, 9, 36, 19, -5, -3, -4]
[-4, 16, -40, 34, 4, 9, -5, -10]
[-4, 9, 66, 36, -34, -10, -9, -7]
[4, -6, -11, -29, -25, -20, -1, -1]
[8, 26, 99, 18, 25, 5, 1, 0]
[6, 6, 42, -72, 8, 10, 5, 5]
[1, -7, -32, 44, 35, 4, 5, 1]
[1, 6, -45, 41, 20, 18, 3, 3]
[-5, -12, 28, -58, -32, -6, -1, -1]
[2, -3, 12, -12, 13, -8, -5, -3]
[-5, -3, -23, -108, -23, -19, -5, -3]
[-1, 2, 51, 28, -3, 7, 1, -1]
[-3, 0, 17, -8, -15, -14, -4, -1]
[3, -4, -74, 14, 34, 16, 1, 3]
[-2, -12, -37, -46, -33, -5, -6, -2]
[2, 3, 24, 19, 2, -11, 1, 3]
[0, 6, -17, -15, -16, 1, -1, 0]
[-5, -3, -10, 9, -18, -3, -1, -4]
[-2, -10, -35, -38, -18, -8, -2, -3]
[5, -2, 1, -15, -12, 1, 4, 3]
[-1, 7, -31, 8, -25, -15, -5, -4]
[-1, 12, 13, 48, 19, -10, -2, -1]
[4, 19, 92, 19, 10, -3, -2, 0]
[-3, 5, 66, -1, 24, -2, -1, -4]
[3, 24, 33, -7, 0, -3, -4, -2]
[-3, -12, -80, -29, 39, 15, -2, -4]
[-11, -30, -22, -53, -68, -2, -5, -6]
[-1, -36, -14, -13, -35, -18, -3, 1]
[4, 0, -22, 40, 31, 24, 10, 5]
[2, -22, -26, -46, -54, -13, 1, 2]
[-9, -6, 12, -44, -36, 3, -2, -4]
[1, -3, -55, -8, 18, 9, 2, 1]
[3, 4, -23, 15, 52, 2, 0, 2]
[3, 26, 77, 54, 15, 9, 6, 1]
[-7, -7, -7, 19, 6, -11, -6, -5]
[-4, -14, -86, -1, 61, 19, 0, -1]
[-4, -8, 23, -41, -49, -3, -3, -2]
[-11, -14, -85, -25, -22, -28, -16, -12]
[2, -7, 38, 66, 76, 10, 2, 4]
[-1, 5, -82, -81, -27, -59, -10, -4]
[3, -7, 38, -51, -32, -7, 0, 1]
[6, 0, -26, -60, -5, 24, 8, 4]
[-1, 3, 28, -6, -28, 1, -2, -3]
[-3, -12, 34, 72, 32, -4, -2, -1]
[1, -11, -32, 32, 26, 17, -1, 2]
[-1, 5, 55, 36, 15, -3, -4, -2]
[3, 13, 35, 82, 40, 11, 3, 1]
[-3, -14, -5, -27, -27, -19, -7, -5]
[4, 10, 31, -4, 1, 13, 6, 4]
[-3, -7, -52, 4, -3, 6, 2, -1]
[-1, 0, -7, 13, 5, 2, -2, -1]
[-3, 4, 60, -22, -25, 6, 0, -1]
[2, 5, 12, 5, 15, 20, 6, 1]
[1, -1, 9, 3, 6, 3, -1, 0]
[1, 6, -3, 7, 1, -1, -2, 1]
[0, -1, -8, -1, 4, -3, -1, -1]
[2, -1, 7, 7, 3, 0, -1, 2]
[4, 3, 1, 2, 7, 18, -2, -8]
[-1, 2, -7, 5, 14, 9, -3, 10]
[3, -2, 20, 3, -5, -6, 7, 6]
[-11, 15, 6, 7, 3, 1, -2, -38]
[-8, -1, -2, 3, -8, -13, 5, -9]
[-7, 0, 13, 5, 6, 1, 17, 2]
[22, -1, 0, -8, -6, 7, 2, 11]
[-1, 11, -8, -3, 1, 1, -11, 2]
[3, -2, -62, 9, 3, -4, 4, 2]
[2, 3, -7, -2, 2, 8, 16, 10]
[4, -2, 21, 0, -4, -5, 1, 1]
[-1, 2, 5, 4, 0, 0, -3, -1]
[15, -4, 6, -1, -1, 1, -14, -1]
[-15, -29, -1, 9, 4, -2, -5, 0]
[14, 1, 2, -3, -1, 0, -1, 1]
[-2, 7, -3, -9, -6, -2, -3, -4]
[0, 2, 1, -4, -5, -6, 8, 9]
[-18, -1, -1, 1, 1, -1, 0, -5]
[27, 6, -2, -5, -3, -4, 15, 18]
[8, -1, 1, 2, -3, -3, 3, 0]
[-86, 1, -5, -3, -4, -2, 4, 5]
[-9, 8, -3, -3, -2, -1, 10, 49]
[58, 15, 5, 8, 7, 6, -9, -16]
[66, 12, 4, 0, 2, 0, -1, 19]
[37, 29, 5, -2, 0, -3, -8, -21]
[-4, -3, 2, 0, 1, 0, -12, -35]
[-51, -16, 0, 0, -1, 1, -26, -8]
[-26, -6, 3, 0, -1, 1, -14, 3]
[32, -4, -3, -1, 0, 0, 43, 43]
[2, -7, -3, -3, -1, -4, 11, 2]
[37, 15, 5, 2, 6, 4, -6, -16]
[66, 12, 6, 4, 6, 5, -8, 9]
[-22, -9, -6, -6, -8, 0, 12, -12]
[67, 0, -2, -3, -6, -6, 7, 32]
[-13, 2, -2, -3, -4, -2, -18, -47]
[-12, 11, 1, 2, 2, 22, -7, -21]
[-16, -5, -3, -3, -7, -15, -28, 84]
[-19, 4, -1, -5, -2, -1, 43, 82]
[-83, -3, -1, 2, 3, -12, 8, -28]
[-95, -4, 3, 4, 1, -3, -14, -82]
[34, 2, 2, 7, 12, 13, 24, 104]
[-4, -15, -1, -1, 3, 51, -8, -11]
[-59, -11, -4, -1, -4, -3, -20, 29]
[-9, -11, 1, 4, 6, 16, 77, 6]
[44, -2, -1, 3, 0, -11, 11, 68]
[23, -7, -4, -6, -4, 8, 3, -58]
[28, 6, -3, 3, -2, -27, -34, 56]
[88, 13, 1, -2, 3, 1, -51, -111]
[19, 2, -1, 1, 7, 4, -25, -72]
[-23, -6, -9, -5, -1, 35, 39, -21]
[26, 2, 2, -3, -6, -22, -12, -43]
[-77, -26, -14, -4, -7, -8, 10, -94]
[18, 9, 5, -5, -1, 14, 6, -96]
[34, 2, -7, -2, -8, -29, -29, -53]
[-64, -4, 2, 5, 10, 49, 6, 77]
[21, 4, 8, -1, 9, -7, 3, 28]
[-99, 3, -3, -12, -10, -24, -31, -62]
[95, 10, 0, -6, -10, -16, -26, 20]
[0, 6, 4, 4, -1, -21, -4, -45]
[39, 2, 4, 0, 0, -11, 30, 18]
[-54, -4, 12, 12, 20, 41, 13, 13]
[-17, -7, -32, -27, -22, -2, 2, -49]
[-9, 0, -10, -8, 16, 11, 41, 62]
[-33, -6, 9, 17, 3, -34, -10, 13]
[-43, 4, 29, 27, 12, 6, -1, -42]
[2, 0, 7, 5, 12, 6, 5, 44]
[-10, -2, 20, 21, 6, 0, -4, -56]
[38, 6, 25, 6, -7, -7, -14, 0]
[50, 14, -6, 16, 29, 15, 9, 94]
[-10, -5, 30, -25, -47, -24, -8, -25]
[49, -1, 10, -2, -22, -21, -18, 70]
[-2, -12, -25, -57, -64, -34, -28, -26]
[-10, -15, -75, -37, -28, -18, -1, -27]
[-34, -14, 2, -3, 2, -10, -1, -30]
[-10, 9, 26, 38, 33, 22, 15, 2]
[1, 5, 1, -4, -5, -6, 8, -2]
[-7, -14, -12, -18, -8, -1, -13, -12]
[-2, 7, 14, 49, 36, 11, -3, -21]
[-7, -9, -17, -23, -15, 0, -2, -19]
[0, -16, 9, 57, 13, 8, -12, -9]
[-10, -14, -61, -60, -7, 0, -1, -8]
[-21, -43, -100, -128, -14, -1, -2, -15]
[13, 11, 3, -21, -28, -9, 1, 3]
[0, 1, 32, -61, 18, 7, 5, -5]
[-3, -3, 62, -22, -3, 5, 2, -4]
[-5, -1, 18, -27, 13, -6, -8, -5]
[-11, 4, -98, -128, -121, -48, -20, -20]
[-3, -48, -2, -48, -23, 5, -1, -3]
[-3, 2, -53, 18, -27, -17, -1, -1]
[10, -64, -53, -82, -9, -15, -7, 0]
[-6, 15, -78, -40, -50, -19, -7, -8]
[-8, -15, 78, 20, -1, 37, 19, 8]
[-1, 61, -56, -94, -75, -22, -7, -6]
[-24, -85, -47, -99, -36, -33, -19, -13]
[18, -54, 93, 127, 105, 43, 20, 17]
[15, 108, -1, 54, 88, 0, -1, 1]
[-4, -26, 5, 31, -29, -11, -2, -4]
[2, -73, -57, -40, 12, 2, 1, 4]
[-1, -69, 27, -74, -59, 5, -1, -3]
[-6, 80, 48, 116, 76, 18, 4, -1]
[-8, -9, -34, -81, -17, -4, -4, -5]
[0, 5, 0, -4, 12, -4, 0, 2]
[-5, 55, -2, -38, -4, -8, -5, -7]
[4, -23, -47, 39, 21, 1, 2, 5]
[14, 40, 36, -19, -2, 5, 1, 3]
[9, 11, -20, -34, 19, -4, -4, 3]
[-7, 6, -34, 37, -9, -18, -9, -8]
[-3, 0, -110, 68, -2, -26, -9, -6]
[-2, -48, -12, 26, 28, 18, 9, 4]
[-1, 30, 23, 34, -14, -12, -8, -4]
[2, 30, 9, -20, -35, -18, -4, -2]
[-5, -22, 14, -38, -31, -13, -4, -2]
[-3, -3, 17, -32, 4, 21, 6, -1]
[-4, -21, -66, 29, 11, 2, 0, -2]
[-8, 0, 2, -17, -27, -35, -8, -2]
[-2, -38, -99, 2, -12, -2, -5, -5]
[-8, -10, -31, -67, -22, -17, -3, -4]
[-7, -17, 33, -42, 3, 6, 1, -4]
[-4, -15, -16, 13, 30, 3, 1, -2]
[-3, -27, 2, 20, 13, 12, 3, 0]
[6, 23, 16, 13, 6, 0, -1, 3]
[-3, -47, 45, 14, -2, 4, -2, 2]
[32, 41, -2, 22, 20, -2, 5, 15]
[26, -64, -10, 10, 13, 24, 8, 33]
[55, -33, 5, 13, 9, 8, 8, 35]
[-22, 87, -20, -1, 11, 5, -5, 21]
[20, 39, -17, 9, 5, 11, -14, 66]
[-97, 26, 54, 29, 19, 5, -3, -45]
[35, 61, -13, -9, -5, -6, 0, 16]
[13, 8, 47, 3, 6, -2, -1, -12]
[-45, -44, 12, -10, 0, 2, 0, -53]
[36, -4, -2, -7, 14, 16, 5, 21]
[-48, -12, 29, 22, 5, 3, 1, -24]
[11, 9, -21, -14, -10, -11, -1, 3]
[8, -4, 39, 23, 5, 3, 1, 30]
[12, -9, 39, 0, -2, -3, 0, -8]
[1, -4, -1, -8, -2, 0, -2, -5]
[-17, -4, -1, 4, -3, -2, -1, -16]
[-13, 11, 24, 15, 5, -3, 1, -9]
[-16, -11, -11, -13, -6, -4, -3, -23]
[20, 24, 43, -4, 6, 0, 0, 3]
[1, -4, 6, 9, 8, -1, -1, -8]
[6, 9, 56, 4, -5, -4, -4, -4]
[-14, -13, -18, 9, -14, -14, -2, -16]
[-6, -11, -8, -15, -7, -3, -2, -7]
[3, -3, -12, 14, -12, -5, -4, -2]
[-4, -2, 3, -9, 3, 3, 1, -1]
[-1, 0, -9, -4, 2, 1, 1, 0]
[-3, -3, -12, -12, 0, 1, 0, -5]
[-1, -2, -1, 15, 6, 4, 0, -2]
[-6, -4, 30, 13, 15, 2, 0, 1]
[-1, -4, -14, 25, 15, 4, 3, -4]
[3, -2, 6, -19, -4, -4, -2, -1]
[0, -3, -9, -17, -8, -5, -1, -5]
[-2, -1, 9, -54, -25, -5, -3, -3]
[-1, -3, 7, 6, -10, -1, -2, -2]
[-1, 0, -9, 11, 3, 3, 1, -1]
[-1, -3, -54, -41, -8, -1, -1, 0]
[-1, 1, 29, -8, 3, 3, -1, 2]
[-2, -4, -7, 12, 0, 0, 0, 0]
[-2, -2, 4, -2, 1, -2, -4, 1]
[-3, -4, 17, 37, -4, -4, -2, -1]
[2, 0, 4, 13, -2, 1, 1, 1]
[-1, 1, -12, -55, -8, -5, -3, -1]
[-5, -2, 34, 0, 0, 0, -1, -3]
[-2, 0, 9, 10, -1, -3, -1, -1]
[-9, -4, -25, 1, 2, 2, 0, -8]
[-1, -4, -47, 8, 7, 2, 1, -3]
[-3, -2, 22, 12, -4, -8, -1, -3]
[6, 6, -5, 22, 12, 3, -2, 1]
[-3, 6, 31, 0, -7, -3, -5, 5]
[3, 4, -28, 12, 16, 2, -1, 3]
[-4, -3, 4, -32, -5, 0, -11, -3]
[-5, -6, -25, -2, 0, 3, 3, -3]
[6, 5, -18, -8, -2, 0, 1, -2]
[-10, -25, 0, -31, -6, 0, -12, -4]
[5, 7, -11, 20, -2, -3, 0, -6]
[2, 4, 6, 16, -1, 1, 2, -2]
[-7, 1, 2, -39, -4, 1, -1, 0]
[-5, -3, -2, 6, 8, 3, 1, 0]
[-4, -2, -7, 16, 3, 2, 3, 0]
[-5, -13, -24, -11, -6, -6, -1, -7]
[3, 5, -5, -13, -9, -3, 0, 2]
[-2, -4, -16, -75, -11, -5, -3, -5]
[1, -2, -3, 4, -2, -1, 3, -1]
[-4, 1, 1, 8, 3, 1, -3, 1]
[0, 8, -3, -8, 0, -2, -3, -1]
[2, -2, 3, -4, -3, -1, 3, 5]
[11, 3, 10, 29, -1, 1, 3, 21]
[-2, -1, -40, -21, -5, -3, -3, -6]
[-4, -2, 3, -2, -3, -1, 2, 0]
[-6, -3, 32, 16, 1, -2, -4, -8]
[5, -6, -20, -14, 1, 4, 2, 2]
[-3, -3, 18, 3, -3, 1, -20, -2]
[-2, -1, 1, 1, -1, 0, 5, -4]
[-3, -2, 8, 2, -2, -1, -5, -2]
[-2, 1, 6, 23, 5, -1, 1, -4]
[-3, -2, 2, -1, 1, -2, 7, -12]
[0, -1, 0, 5, 0, 1, 4, -2]
[-2, -2, 8, -3, 0, -2, 4, -1]
[0, 2, -57, -11, -4, 0, 3, 2]
[1, 3, -14, -23, -5, -4, -1, 3]
[0, -4, 55, 5, 1, -2, -8, -1]
[1, 6, -2, -6, 0, -2, -1, -3]
[2, 14, -2, 12, -1, -2, -4, 5]
[-1, -5, 43, 21, 4, 0, 7, -4]
[-1, -3, -5, 8, 0, 0, 1, 0]
[1, 0, -12, -20, -5, -2, -2, -1]
[3, -5, -39, -4, -1, 3, 1, -1]
