[0.06451416015625, -0.21563720703125, -0.4525146484375, 0.86285400390625]
[0.06573486328125, -0.21466064453125, -0.45306396484375, 0.86273193359375]
[0.0693359375, -0.2064208984375, -0.45513916015625, 0.86334228515625]
[0.07049560546875, -0.20477294921875, -0.45556640625, 0.8634033203125]
[0.0672607421875, -0.2100830078125, -0.4542236328125, 0.8631591796875]
[0.06744384765625, -0.2060546875, -0.45489501953125, 0.86370849609375]
[0.068115234375, -0.20587158203125, -0.45501708984375, 0.8636474609375]
[0.06475830078125, -0.2108154296875, -0.4537353515625, 0.8634033203125]
[0.0655517578125, -0.20599365234375, -0.45458984375, 0.86407470703125]
[0.06610107421875, -0.2061767578125, -0.45465087890625, 0.86395263671875]
[0.0672607421875, -0.20977783203125, -0.4542236328125, 0.86322021484375]
[0.0662841796875, -0.2098388671875, -0.45379638671875, 0.86346435546875]
[0.06622314453125, -0.20989990234375, -0.45379638671875, 0.86346435546875]
[0.06622314453125, -0.20989990234375, -0.45379638671875, 0.86346435546875]
[0.066162109375, -0.2098388671875, -0.45379638671875, 0.863525390625]
[0.066162109375, -0.2098388671875, -0.45379638671875, 0.863525390625]
[0.066162109375, -0.20989990234375, -0.45379638671875, 0.863525390625]
[0.066162109375, -0.20989990234375, -0.45379638671875, 0.863525390625]
[0.066162109375, -0.20989990234375, -0.45379638671875, 0.863525390625]
[0.06610107421875, -0.20989990234375, -0.45379638671875, 0.863525390625]
[0.06610107421875, -0.20989990234375, -0.45379638671875, 0.863525390625]
[0.06610107421875, -0.2098388671875, -0.45379638671875, 0.863525390625]
[0.06610107421875, -0.20989990234375, -0.45379638671875, 0.863525390625]
[0.0660400390625, -0.20989990234375, -0.45379638671875, 0.863525390625]
[0.0660400390625, -0.20989990234375, -0.45379638671875, 0.863525390625]
[0.0660400390625, -0.20989990234375, -0.45379638671875, 0.863525390625]
[0.0660400390625, -0.20989990234375, -0.45379638671875, 0.863525390625]
[0.0660400390625, -0.20989990234375, -0.45379638671875, 0.863525390625]
[0.0660400390625, -0.20989990234375, -0.45379638671875, 0.863525390625]
[0.0660400390625, -0.20989990234375, -0.45379638671875, 0.863525390625]
[0.0660400390625, -0.20989990234375, -0.45379638671875, 0.863525390625]
[0.06597900390625, -0.20989990234375, -0.4537353515625, 0.863525390625]
[0.06597900390625, -0.20989990234375, -0.4537353515625, 0.863525390625]
[0.06597900390625, -0.20989990234375, -0.4537353515625, 0.863525390625]
[0.06591796875, -0.20989990234375, -0.4537353515625, 0.863525390625]
[0.06591796875, -0.20989990234375, -0.4537353515625, 0.863525390625]
[0.06591796875, -0.20989990234375, -0.4537353515625, 0.863525390625]
[0.06591796875, -0.20989990234375, -0.4537353515625, 0.863525390625]
[0.06591796875, -0.20989990234375, -0.4537353515625, 0.863525390625]
[0.06591796875, -0.20989990234375, -0.4537353515625, 0.863525390625]
[0.06591796875, -0.20989990234375, -0.4537353515625, 0.863525390625]
[0.06591796875, -0.20989990234375, -0.4537353515625, 0.863525390625]
[0.06585693359375, -0.20989990234375, -0.4537353515625, 0.863525390625]
[0.06585693359375, -0.20989990234375, -0.4537353515625, 0.863525390625]
[0.06585693359375, -0.20989990234375, -0.4537353515625, 0.863525390625]
[0.06585693359375, -0.20989990234375, -0.4537353515625, 0.863525390625]
[0.06585693359375, -0.20989990234375, -0.4537353515625, 0.863525390625]
[0.0657958984375, -0.20989990234375, -0.4537353515625, 0.863525390625]
[0.0657958984375, -0.20989990234375, -0.4537353515625, 0.863525390625]
[0.0657958984375, -0.20989990234375, -0.4537353515625, 0.863525390625]
[0.0657958984375, -0.20989990234375, -0.4537353515625, 0.863525390625]
[0.0657958984375, -0.20989990234375, -0.4537353515625, 0.863525390625]
[0.0657958984375, -0.20989990234375, -0.4537353515625, 0.863525390625]
[0.0657958984375, -0.20989990234375, -0.4537353515625, 0.863525390625]
[0.0657958984375, -0.20989990234375, -0.4537353515625, 0.863525390625]
[0.0657958984375, -0.20989990234375, -0.4537353515625, 0.86358642578125]
[0.0657958984375, -0.20989990234375, -0.4537353515625, 0.86358642578125]
[0.0657958984375, -0.20989990234375, -0.4537353515625, 0.86358642578125]
[0.06573486328125, -0.20989990234375, -0.4537353515625, 0.86358642578125]
[0.06573486328125, -0.20989990234375, -0.4537353515625, 0.86358642578125]
[0.06573486328125, -0.20989990234375, -0.4537353515625, 0.86358642578125]
[0.06573486328125, -0.2098388671875, -0.4537353515625, 0.86358642578125]
[0.06573486328125, -0.2098388671875, -0.4537353515625, 0.86358642578125]
[0.065673828125, -0.2098388671875, -0.4537353515625, 0.86358642578125]
[0.065673828125, -0.2098388671875, -0.4537353515625, 0.86358642578125]
[0.065673828125, -0.2098388671875, -0.4537353515625, 0.86358642578125]
[0.065673828125, -0.2098388671875, -0.4537353515625, 0.86358642578125]
[0.065673828125, -0.2098388671875, -0.4537353515625, 0.86358642578125]
[0.06585693359375, -0.2098388671875, -0.45361328125, 0.86358642578125]
[0.06597900390625, -0.2099609375, -0.45355224609375, 0.8636474609375]
[0.066162109375, -0.20989990234375, -0.453369140625, 0.86370849609375]
[0.066162109375, -0.20989990234375, -0.453369140625, 0.86370849609375]
[0.066162109375, -0.20989990234375, -0.453369140625, 0.86370849609375]
[0.066162109375, -0.20989990234375, -0.453369140625, 0.86370849609375]
[0.066162109375, -0.20989990234375, -0.453369140625, 0.86370849609375]
[0.066162109375, -0.20989990234375, -0.453369140625, 0.86370849609375]
[0.066162109375, -0.20989990234375, -0.453369140625, 0.86370849609375]
[0.06640625, -0.2099609375, -0.45330810546875, 0.86370849609375]
[0.06658935546875, -0.20989990234375, -0.45318603515625, 0.86376953125]
[0.06658935546875, -0.20989990234375, -0.45318603515625, 0.86376953125]
[0.06683349609375, -0.21014404296875, -0.45294189453125, 0.86383056640625]
[0.06671142578125, -0.21051025390625, -0.45263671875, 0.8638916015625]
[0.06640625, -0.21124267578125, -0.4521484375, 0.864013671875]
[0.06561279296875, -0.21136474609375, -0.4517822265625, 0.86419677734375]
[0.0654296875, -0.21160888671875, -0.451416015625, 0.8643798828125]
[0.06549072265625, -0.21221923828125, -0.4508056640625, 0.86456298828125]
[0.0655517578125, -0.2130126953125, -0.45025634765625, 0.8646240234375]
[0.06475830078125, -0.21343994140625, -0.44989013671875, 0.86480712890625]
[0.06414794921875, -0.2139892578125, -0.44940185546875, 0.86492919921875]
[0.06427001953125, -0.21478271484375, -0.44879150390625, 0.86505126953125]
[0.064697265625, -0.21697998046875, -0.4476318359375, 0.86505126953125]
[0.06378173828125, -0.21875, -0.44635009765625, 0.8653564453125]
[0.06085205078125, -0.218017578125, -0.44598388671875, 0.865966796875]
[0.06256103515625, -0.21917724609375, -0.445068359375, 0.86602783203125]
[0.06561279296875, -0.2208251953125, -0.44366455078125, 0.86602783203125]
[0.06524658203125, -0.22076416015625, -0.44329833984375, 0.86627197265625]
[0.0645751953125, -0.22076416015625, -0.44305419921875, 0.866455078125]
[0.06396484375, -0.22100830078125, -0.44281005859375, 0.8665771484375]
[0.06353759765625, -0.22100830078125, -0.4425048828125, 0.86676025390625]
[0.06365966796875, -0.22100830078125, -0.4422607421875, 0.86688232421875]
[0.06427001953125, -0.22125244140625, -0.4417724609375, 0.86700439453125]
[0.06494140625, -0.2220458984375, -0.4412841796875, 0.86700439453125]
[0.06390380859375, -0.2218017578125, -0.4415283203125, 0.8670654296875]
[0.06378173828125, -0.22198486328125, -0.44134521484375, 0.8670654296875]
[0.064208984375, -0.22216796875, -0.44110107421875, 0.86712646484375]
[0.06463623046875, -0.22259521484375, -0.440673828125, 0.86724853515625]
[0.06439208984375, -0.2227783203125, -0.4404296875, 0.8673095703125]
[0.0638427734375, -0.22283935546875, -0.44024658203125, 0.867431640625]
[0.064208984375, -0.2230224609375, -0.44000244140625, 0.86749267578125]
[0.06536865234375, -0.22344970703125, -0.43951416015625, 0.8675537109375]
[0.06524658203125, -0.22332763671875, -0.4393310546875, 0.86767578125]
[0.064453125, -0.22265625, -0.439208984375, 0.86798095703125]
[0.0654296875, -0.222412109375, -0.43829345703125, 0.868408203125]
[0.06768798828125, -0.22320556640625, -0.43792724609375, 0.86822509765625]
[0.06805419921875, -0.22357177734375, -0.4376220703125, 0.86822509765625]
[0.06890869140625, -0.2242431640625, -0.43695068359375, 0.86834716796875]
[0.06927490234375, -0.22467041015625, -0.43646240234375, 0.868408203125]
[0.06927490234375, -0.2247314453125, -0.43646240234375, 0.868408203125]
[0.0694580078125, -0.22479248046875, -0.43603515625, 0.86859130859375]
[0.06915283203125, -0.22430419921875, -0.435791015625, 0.868896484375]
[0.06915283203125, -0.22418212890625, -0.435546875, 0.8690185546875]
[0.0692138671875, -0.22406005859375, -0.4351806640625, 0.8692626953125]
[0.06927490234375, -0.22393798828125, -0.43463134765625, 0.86956787109375]
[0.06866455078125, -0.2236328125, -0.434326171875, 0.869873046875]
[0.0687255859375, -0.22357177734375, -0.43365478515625, 0.87017822265625]
[0.068603515625, -0.2232666015625, -0.43304443359375, 0.87054443359375]
[0.0684814453125, -0.22296142578125, -0.4324951171875, 0.8709716796875]
[0.068359375, -0.22271728515625, -0.43194580078125, 0.87127685546875]
[0.0684814453125, -0.22247314453125, -0.43133544921875, 0.87164306640625]
[0.0682373046875, -0.22216796875, -0.43096923828125, 0.8719482421875]
[0.06805419921875, -0.22174072265625, -0.4305419921875, 0.87225341796875]
[0.067138671875, -0.22100830078125, -0.4296875, 0.8729248046875]
[0.0667724609375, -0.22064208984375, -0.42919921875, 0.873291015625]
[0.0665283203125, -0.22039794921875, -0.4288330078125, 0.87353515625]
[0.06640625, -0.22027587890625, -0.428466796875, 0.87371826171875]
[0.066162109375, -0.22015380859375, -0.4283447265625, 0.87384033203125]
[0.066162109375, -0.22015380859375, -0.4283447265625, 0.8739013671875]
[0.06622314453125, -0.22015380859375, -0.4285888671875, 0.873779296875]
[0.0660400390625, -0.2203369140625, -0.428955078125, 0.87353515625]
[0.06597900390625, -0.22052001953125, -0.429443359375, 0.87322998046875]
[0.06610107421875, -0.22088623046875, -0.4300537109375, 0.87286376953125]
[0.06658935546875, -0.2213134765625, -0.4306640625, 0.8724365234375]
[0.06658935546875, -0.221435546875, -0.43145751953125, 0.87200927734375]
[0.0660400390625, -0.2216796875, -0.43182373046875, 0.87176513671875]
[0.0653076171875, -0.22161865234375, -0.43218994140625, 0.8717041015625]
[0.0655517578125, -0.2216796875, -0.432373046875, 0.87152099609375]
[0.0654296875, -0.2218017578125, -0.4326171875, 0.87139892578125]
[0.0655517578125, -0.22198486328125, -0.4327392578125, 0.871337890625]
[0.06591796875, -0.22222900390625, -0.432861328125, 0.87115478515625]
[0.06591796875, -0.22247314453125, -0.43304443359375, 0.87103271484375]
[0.0655517578125, -0.222412109375, -0.43328857421875, 0.87091064453125]
[0.06524658203125, -0.22235107421875, -0.4334716796875, 0.870849609375]
[0.0650634765625, -0.2225341796875, -0.4337158203125, 0.87066650390625]
[0.06512451171875, -0.22271728515625, -0.43414306640625, 0.87042236328125]
[0.06549072265625, -0.22320556640625, -0.4344482421875, 0.8701171875]
[0.06500244140625, -0.2237548828125, -0.43505859375, 0.86968994140625]
[0.0654296875, -0.2247314453125, -0.435546875, 0.86920166015625]
[0.06451416015625, -0.22515869140625, -0.43658447265625, 0.86865234375]
[0.06536865234375, -0.22564697265625, -0.43719482421875, 0.8681640625]
[0.0655517578125, -0.22607421875, -0.43756103515625, 0.86785888671875]
[0.0633544921875, -0.225830078125, -0.43853759765625, 0.8675537109375]
[0.0626220703125, -0.22607421875, -0.43896484375, 0.86737060546875]
[0.062744140625, -0.2264404296875, -0.43841552734375, 0.86749267578125]
[0.06109619140625, -0.22589111328125, -0.43853759765625, 0.86767578125]
[0.05914306640625, -0.2254638671875, -0.4385986328125, 0.867919921875]
[0.05615234375, -0.224365234375, -0.4385986328125, 0.868408203125]
[0.05291748046875, -0.22320556640625, -0.43829345703125, 0.86907958984375]
[0.0494384765625, -0.22174072265625, -0.43780517578125, 0.869873046875]
[0.04510498046875, -0.219482421875, -0.43768310546875, 0.8707275390625]
[0.03973388671875, -0.21612548828125, -0.43768310546875, 0.871826171875]
[0.0335693359375, -0.2109375, -0.4365234375, 0.87396240234375]
[0.02935791015625, -0.205810546875, -0.43487548828125, 0.87615966796875]
[0.02166748046875, -0.19659423828125, -0.43316650390625, 0.87933349609375]
[0.01025390625, -0.18524169921875, -0.431640625, 0.88275146484375]
[0.00146484375, -0.173583984375, -0.428955078125, 0.886474609375]
[-0.00115966796875, -0.1630859375, -0.4246826171875, 0.8905029296875]
[-0.002685546875, -0.1524658203125, -0.41943359375, 0.8948974609375]
[-0.00604248046875, -0.1412353515625, -0.413818359375, 0.8992919921875]
[-0.00933837890625, -0.1297607421875, -0.4073486328125, 0.9039306640625]
[-0.01171875, -0.118896484375, -0.40032958984375, 0.90850830078125]
[-0.01092529296875, -0.10894775390625, -0.39276123046875, 0.9130859375]
[-0.00689697265625, -0.10028076171875, -0.3846435546875, 0.91754150390625]
[-0.00146484375, -0.09197998046875, -0.37640380859375, 0.921875]
[0.00531005859375, -0.083984375, -0.36785888671875, 0.926025390625]
[0.0125732421875, -0.07586669921875, -0.359375, 0.92999267578125]
[0.0205078125, -0.0677490234375, -0.3509521484375, 0.9337158203125]
[0.02996826171875, -0.05999755859375, -0.34259033203125, 0.93707275390625]
[0.0399169921875, -0.05230712890625, -0.33465576171875, 0.94000244140625]
[0.04937744140625, -0.04443359375, -0.32733154296875, 0.94256591796875]
[0.05908203125, -0.036865234375, -0.3204345703125, 0.9447021484375]
[0.06842041015625, -0.02923583984375, -0.314208984375, 0.9464111328125]
[0.07647705078125, -0.021484375, -0.30865478515625, 0.94781494140625]
[0.08392333984375, -0.0137939453125, -0.30377197265625, 0.94891357421875]
[0.0911865234375, -0.0062255859375, -0.29937744140625, 0.94970703125]
[0.09808349609375, 0.00146484375, -0.29522705078125, 0.9503173828125]
[0.10357666015625, 0.00933837890625, -0.2913818359375, 0.950927734375]
[0.10894775390625, 0.01727294921875, -0.287353515625, 0.951416015625]
[0.11334228515625, 0.0250244140625, -0.28338623046875, 0.951904296875]
[0.1168212890625, 0.03277587890625, -0.27899169921875, 0.95257568359375]
[0.1197509765625, 0.04010009765625, -0.2744140625, 0.9532470703125]
[0.12152099609375, 0.046630859375, -0.26959228515625, 0.9541015625]
[0.122314453125, 0.052734375, -0.26422119140625, 0.9552001953125]
[0.12213134765625, 0.0577392578125, -0.25872802734375, 0.9564208984375]
[0.12200927734375, 0.0614013671875, -0.253173828125, 0.95770263671875]
[0.12188720703125, 0.064453125, -0.24761962890625, 0.958984375]
[0.12127685546875, 0.06671142578125, -0.2420654296875, 0.9603271484375]
[0.12054443359375, 0.0682373046875, -0.2364501953125, 0.961669921875]
[0.1192626953125, 0.06903076171875, -0.230712890625, 0.96319580078125]
[0.11651611328125, 0.06927490234375, -0.22503662109375, 0.96484375]
[0.1138916015625, 0.06866455078125, -0.2193603515625, 0.96649169921875]
[0.1119384765625, 0.06756591796875, -0.21405029296875, 0.968017578125]
[0.10986328125, 0.06622314453125, -0.20965576171875, 0.96929931640625]
[0.1082763671875, 0.06414794921875, -0.20599365234375, 0.97039794921875]
[0.10772705078125, 0.061279296875, -0.2032470703125, 0.97119140625]
[0.1082763671875, 0.058349609375, -0.2015380859375, 0.9716796875]
[0.109619140625, 0.0552978515625, -0.20098876953125, 0.97186279296875]
[0.11114501953125, 0.05230712890625, -0.2017822265625, 0.9716796875]
[0.11334228515625, 0.0496826171875, -0.20404052734375, 0.9710693359375]
[0.1153564453125, 0.04705810546875, -0.20751953125, 0.97021484375]
[0.1165771484375, 0.04498291015625, -0.2120361328125, 0.96923828125]
[0.1171875, 0.043212890625, -0.2176513671875, 0.96795654296875]
[0.11737060546875, 0.04205322265625, -0.224609375, 0.9664306640625]
[0.11639404296875, 0.0413818359375, -0.233154296875, 0.96453857421875]
[0.11517333984375, 0.04083251953125, -0.24395751953125, 0.9620361328125]
[0.11505126953125, 0.0401611328125, -0.25701904296875, 0.95867919921875]
[0.11529541015625, 0.03936767578125, -0.27191162109375, 0.95452880859375]
[0.11407470703125, 0.0380859375, -0.28790283203125, 0.9500732421875]
[0.1102294921875, 0.0362548828125, -0.303955078125, 0.945556640625]
[0.10418701171875, 0.0350341796875, -0.31951904296875, 0.941162109375]
[0.09552001953125, 0.033935546875, -0.33477783203125, 0.93682861328125]
[0.08624267578125, 0.0323486328125, -0.34979248046875, 0.9322509765625]
[0.07647705078125, 0.0306396484375, -0.36492919921875, 0.9273681640625]
[0.06732177734375, 0.0281982421875, -0.3802490234375, 0.9219970703125]
[0.0601806640625, 0.02496337890625, -0.3948974609375, 0.9163818359375]
[0.05517578125, 0.0206298828125, -0.4080810546875, 0.9110107421875]
[0.0467529296875, 0.0166015625, -0.42071533203125, 0.90582275390625]
[0.03790283203125, 0.012451171875, -0.433837890625, 0.90008544921875]
[0.0321044921875, 0.00762939453125, -0.4481201171875, 0.893310546875]
[0.029296875, 0.0023193359375, -0.4630126953125, 0.8858642578125]
[0.02935791015625, -0.00408935546875, -0.47650146484375, 0.878662109375]
[0.02703857421875, -0.00909423828125, -0.48785400390625, 0.8724365234375]
[0.01751708984375, -0.01116943359375, -0.49853515625, 0.8665771484375]
[0.0057373046875, -0.01171875, -0.5089111328125, 0.8607177734375]
[-0.00146484375, -0.0130615234375, -0.5186767578125, 0.8548583984375]
[-0.00518798828125, -0.01470947265625, -0.52691650390625, 0.8497314453125]
[-0.00982666015625, -0.01641845703125, -0.53271484375, 0.8460693359375]
[-0.026611328125, -0.0118408203125, -0.5362548828125, 0.84356689453125]
[-0.037109375, -0.008544921875, -0.53912353515625, 0.84136962890625]
[-0.04217529296875, -0.0062255859375, -0.5413818359375, 0.8397216796875]
[-0.04168701171875, -0.00567626953125, -0.541748046875, 0.8394775390625]
[-0.038330078125, -0.00567626953125, -0.540283203125, 0.840576171875]
[-0.0347900390625, -0.0068359375, -0.53857421875, 0.84185791015625]
[-0.029296875, -0.00933837890625, -0.53729248046875, 0.84283447265625]
[-0.02288818359375, -0.01275634765625, -0.53594970703125, 0.8438720703125]
[-0.016845703125, -0.016357421875, -0.53399658203125, 0.84515380859375]
[-0.01068115234375, -0.0206298828125, -0.53167724609375, 0.84661865234375]
[-0.00433349609375, -0.02496337890625, -0.5291748046875, 0.84814453125]
[0.003662109375, -0.0299072265625, -0.52642822265625, 0.84967041015625]
[0.01318359375, -0.0355224609375, -0.5235595703125, 0.85113525390625]
[0.02435302734375, -0.041748046875, -0.52044677734375, 0.8525390625]
[0.0350341796875, -0.04791259765625, -0.516845703125, 0.85400390625]
[0.04376220703125, -0.05322265625, -0.51251220703125, 0.85589599609375]
[0.0498046875, -0.0576171875, -0.50726318359375, 0.8583984375]
[0.05316162109375, -0.061279296875, -0.501220703125, 0.86151123046875]
[0.0546875, -0.06536865234375, -0.4945068359375, 0.864990234375]
[0.05517578125, -0.07012939453125, -0.4879150390625, 0.8682861328125]
[0.055908203125, -0.0753173828125, -0.4818115234375, 0.8712158203125]
[0.056884765625, -0.080810546875, -0.4764404296875, 0.87359619140625]
[0.06268310546875, -0.08892822265625, -0.47125244140625, 0.875244140625]
[0.07843017578125, -0.1085205078125, -0.4625244140625, 0.87640380859375]
[0.08160400390625, -0.11688232421875, -0.45953369140625, 0.87664794921875]
[0.07781982421875, -0.12274169921875, -0.45745849609375, 0.87725830078125]
[0.07086181640625, -0.1280517578125, -0.45556640625, 0.87811279296875]
[0.0552978515625, -0.13037109375, -0.45489501953125, 0.87921142578125]
[0.0435791015625, -0.13592529296875, -0.453857421875, 0.87957763671875]
[0.042236328125, -0.14642333984375, -0.453369140625, 0.878173828125]
[0.0445556640625, -0.15509033203125, -0.4539794921875, 0.87628173828125]
[0.04736328125, -0.162353515625, -0.4544677734375, 0.87457275390625]
[0.05029296875, -0.16900634765625, -0.454833984375, 0.8729248046875]
[0.052490234375, -0.17425537109375, -0.4552001953125, 0.87158203125]
[0.05462646484375, -0.178955078125, -0.45587158203125, 0.87017822265625]
[0.05560302734375, -0.18212890625, -0.45660400390625, 0.86907958984375]
[0.055419921875, -0.1842041015625, -0.4569091796875, 0.86846923828125]
[0.0533447265625, -0.18438720703125, -0.45733642578125, 0.86834716796875]
[0.05126953125, -0.1837158203125, -0.45782470703125, 0.86834716796875]
[0.05145263671875, -0.1837158203125, -0.4580078125, 0.86822509765625]
[0.0526123046875, -0.18389892578125, -0.45806884765625, 0.86810302734375]
[0.05328369140625, -0.183837890625, -0.458251953125, 0.86798095703125]
[0.05303955078125, -0.18353271484375, -0.4586181640625, 0.86785888671875]
[0.052978515625, -0.18328857421875, -0.45904541015625, 0.86767578125]
[0.052978515625, -0.18292236328125, -0.459716796875, 0.867431640625]
[0.05242919921875, -0.1826171875, -0.46038818359375, 0.86712646484375]
[0.05108642578125, -0.1820068359375, -0.4613037109375, 0.86688232421875]
[0.0496826171875, -0.1812744140625, -0.462158203125, 0.86663818359375]
[0.0487060546875, -0.1806640625, -0.4632568359375, 0.86627197265625]
[0.04742431640625, -0.179931640625, -0.46441650390625, 0.8658447265625]
[0.04559326171875, -0.1790771484375, -0.4654541015625, 0.86553955078125]
[0.0452880859375, -0.17919921875, -0.46630859375, 0.8651123046875]
[0.04345703125, -0.1787109375, -0.46759033203125, 0.86456298828125]
[0.042236328125, -0.179443359375, -0.468017578125, 0.8642578125]
[0.04193115234375, -0.180908203125, -0.46795654296875, 0.864013671875]
[0.0418701171875, -0.18267822265625, -0.4674072265625, 0.86395263671875]
[0.04351806640625, -0.1856689453125, -0.46612548828125, 0.8638916015625]
[0.04693603515625, -0.189208984375, -0.46466064453125, 0.86376953125]
[0.0509033203125, -0.1927490234375, -0.46331787109375, 0.86346435546875]
[0.05438232421875, -0.19549560546875, -0.4625244140625, 0.863037109375]
[0.0556640625, -0.19671630859375, -0.4622802734375, 0.86285400390625]
[0.054931640625, -0.1968994140625, -0.46209716796875, 0.86297607421875]
[0.05462646484375, -0.19744873046875, -0.461669921875, 0.863037109375]
[0.05560302734375, -0.19830322265625, -0.46124267578125, 0.863037109375]
[0.056884765625, -0.1990966796875, -0.4609375, 0.8629150390625]
[0.05767822265625, -0.19970703125, -0.46075439453125, 0.86285400390625]
[0.0577392578125, -0.19976806640625, -0.46075439453125, 0.86285400390625]
[0.0577392578125, -0.19989013671875, -0.460693359375, 0.86279296875]
[0.0579833984375, -0.2003173828125, -0.46063232421875, 0.86273193359375]
[0.058349609375, -0.2008056640625, -0.46051025390625, 0.8626708984375]
[0.058837890625, -0.2012939453125, -0.46038818359375, 0.86260986328125]
[0.05914306640625, -0.20166015625, -0.4603271484375, 0.86248779296875]
[0.0594482421875, -0.2020263671875, -0.46026611328125, 0.8624267578125]
[0.0596923828125, -0.202392578125, -0.460205078125, 0.86236572265625]
[0.05999755859375, -0.20269775390625, -0.460205078125, 0.86224365234375]
[0.060302734375, -0.20294189453125, -0.460205078125, 0.8621826171875]
[0.0606689453125, -0.203125, -0.46026611328125, 0.86212158203125]
[0.06097412109375, -0.2032470703125, -0.4603271484375, 0.86199951171875]
[0.0614013671875, -0.20343017578125, -0.46044921875, 0.86187744140625]
[0.061767578125, -0.20361328125, -0.46051025390625, 0.86175537109375]
[0.0621337890625, -0.20379638671875, -0.46063232421875, 0.86163330078125]
[0.06243896484375, -0.20404052734375, -0.460693359375, 0.86151123046875]
[0.0625, -0.2041015625, -0.460693359375, 0.86151123046875]
[0.0625, -0.20416259765625, -0.460693359375, 0.86151123046875]
[0.0625, -0.2042236328125, -0.460693359375, 0.8614501953125]
[0.06256103515625, -0.20428466796875, -0.460693359375, 0.8614501953125]
[0.06256103515625, -0.204345703125, -0.46063232421875, 0.8614501953125]
[0.06256103515625, -0.20440673828125, -0.46063232421875, 0.8614501953125]
[0.0626220703125, -0.20452880859375, -0.46063232421875, 0.8614501953125]
[0.0626220703125, -0.20458984375, -0.46063232421875, 0.86138916015625]
[0.0626220703125, -0.20465087890625, -0.46063232421875, 0.86138916015625]
[0.06268310546875, -0.2047119140625, -0.46063232421875, 0.86138916015625]
[0.06268310546875, -0.20477294921875, -0.46063232421875, 0.86138916015625]
[0.06268310546875, -0.204833984375, -0.46063232421875, 0.861328125]
[0.06268310546875, -0.20489501953125, -0.46063232421875, 0.861328125]
[0.06268310546875, -0.2049560546875, -0.4605712890625, 0.861328125]
[0.062744140625, -0.20501708984375, -0.4605712890625, 0.861328125]
[0.062744140625, -0.205078125, -0.4605712890625, 0.861328125]
[0.062744140625, -0.205078125, -0.4605712890625, 0.861328125]
[0.062744140625, -0.20513916015625, -0.4605712890625, 0.86126708984375]
[0.06280517578125, -0.2052001953125, -0.4605712890625, 0.86126708984375]
[0.06280517578125, -0.20526123046875, -0.4605712890625, 0.86126708984375]
[0.06280517578125, -0.205322265625, -0.4605712890625, 0.86126708984375]
[0.0628662109375, -0.20538330078125, -0.4605712890625, 0.86126708984375]
[0.0628662109375, -0.2054443359375, -0.4605712890625, 0.8612060546875]
[0.0628662109375, -0.20550537109375, -0.46051025390625, 0.8612060546875]
[0.0628662109375, -0.20556640625, -0.46051025390625, 0.8612060546875]
[0.06292724609375, -0.20562744140625, -0.46051025390625, 0.8612060546875]
[0.06292724609375, -0.20562744140625, -0.46051025390625, 0.8612060546875]
[0.06292724609375, -0.2056884765625, -0.46051025390625, 0.8612060546875]
[0.06298828125, -0.20574951171875, -0.46051025390625, 0.86114501953125]
[0.06298828125, -0.205810546875, -0.46051025390625, 0.86114501953125]
[0.06298828125, -0.20587158203125, -0.46051025390625, 0.86114501953125]
[0.06304931640625, -0.2059326171875, -0.46051025390625, 0.86114501953125]
[0.06304931640625, -0.20599365234375, -0.46051025390625, 0.86114501953125]
[0.06304931640625, -0.2060546875, -0.46044921875, 0.861083984375]
[0.0631103515625, -0.20611572265625, -0.46044921875, 0.861083984375]
[0.0631103515625, -0.2061767578125, -0.46044921875, 0.861083984375]
[0.06317138671875, -0.20623779296875, -0.46044921875, 0.861083984375]
[0.06317138671875, -0.20623779296875, -0.46044921875, 0.861083984375]
[0.06317138671875, -0.206787109375, -0.46014404296875, 0.861083984375]
[0.06292724609375, -0.2071533203125, -0.45989990234375, 0.86114501953125]
[0.06292724609375, -0.2076416015625, -0.45953369140625, 0.8612060546875]
[0.063232421875, -0.20831298828125, -0.45904541015625, 0.861328125]
[0.06414794921875, -0.20916748046875, -0.4583740234375, 0.86138916015625]
[0.06500244140625, -0.2099609375, -0.45745849609375, 0.86163330078125]
[0.0657958984375, -0.21197509765625, -0.45587158203125, 0.8619384765625]
[0.0672607421875, -0.215087890625, -0.4537353515625, 0.8621826171875]
[0.06494140625, -0.2152099609375, -0.45269775390625, 0.86285400390625]
[0.06475830078125, -0.2158203125, -0.4515380859375, 0.86334228515625]
[0.06683349609375, -0.21630859375, -0.4490966796875, 0.86431884765625]
[0.06683349609375, -0.21246337890625, -0.447021484375, 0.8663330078125]
[0.0677490234375, -0.2078857421875, -0.4464111328125, 0.86773681640625]
[0.06494140625, -0.2001953125, -0.4462890625, 0.86981201171875]
[0.05950927734375, -0.19036865234375, -0.4466552734375, 0.8721923828125]
[0.0548095703125, -0.17901611328125, -0.445556640625, 0.87548828125]
[0.05596923828125, -0.171875, -0.4443359375, 0.87744140625]
[0.06207275390625, -0.16729736328125, -0.44219970703125, 0.87896728515625]
[0.06890869140625, -0.16357421875, -0.44097900390625, 0.87982177734375]
[0.06640625, -0.15625, -0.43963623046875, 0.8819580078125]
[0.0579833984375, -0.147216796875, -0.43768310546875, 0.88507080078125]
[0.05316162109375, -0.139404296875, -0.4364013671875, 0.8873291015625]
[0.05474853515625, -0.1334228515625, -0.4359130859375, 0.88836669921875]
[0.05462646484375, -0.12615966796875, -0.435791015625, 0.88946533203125]
[0.04901123046875, -0.118408203125, -0.434814453125, 0.891357421875]
[0.04449462890625, -0.112060546875, -0.4342041015625, 0.8927001953125]
[0.04522705078125, -0.10882568359375, -0.43267822265625, 0.893798828125]
[0.04656982421875, -0.1065673828125, -0.43109130859375, 0.894775390625]
[0.04620361328125, -0.10479736328125, -0.4293212890625, 0.89581298828125]
[0.0452880859375, -0.103271484375, -0.427978515625, 0.896728515625]
[0.04534912109375, -0.10260009765625, -0.42669677734375, 0.89739990234375]
[0.04595947265625, -0.10223388671875, -0.42572021484375, 0.89788818359375]
[0.0455322265625, -0.101806640625, -0.42510986328125, 0.898193359375]
[0.0450439453125, -0.10137939453125, -0.4246826171875, 0.89849853515625]
[0.0445556640625, -0.10089111328125, -0.42462158203125, 0.89862060546875]
[0.04400634765625, -0.1004638671875, -0.42462158203125, 0.898681640625]
[0.04339599609375, -0.0999755859375, -0.4248046875, 0.898681640625]
[0.04278564453125, -0.0994873046875, -0.42486572265625, 0.89874267578125]
[0.0426025390625, -0.09893798828125, -0.42510986328125, 0.898681640625]
[0.04296875, -0.09844970703125, -0.42547607421875, 0.8985595703125]
[0.0428466796875, -0.097900390625, -0.42572021484375, 0.89849853515625]
[0.04248046875, -0.09710693359375, -0.426025390625, 0.8984375]
[0.04254150390625, -0.096435546875, -0.4263916015625, 0.89837646484375]
[0.04248046875, -0.0958251953125, -0.42681884765625, 0.89825439453125]
[0.042724609375, -0.0953369140625, -0.4273681640625, 0.89801025390625]
[0.04254150390625, -0.0946044921875, -0.427978515625, 0.8978271484375]
[0.0421142578125, -0.09405517578125, -0.42864990234375, 0.8975830078125]
[0.041748046875, -0.09332275390625, -0.42926025390625, 0.89739990234375]
[0.04144287109375, -0.0928955078125, -0.4298095703125, 0.89715576171875]
[0.041015625, -0.09246826171875, -0.43035888671875, 0.89691162109375]
[0.040771484375, -0.092041015625, -0.4307861328125, 0.89678955078125]
[0.04046630859375, -0.091552734375, -0.4312744140625, 0.89666748046875]
[0.0401611328125, -0.091064453125, -0.43170166015625, 0.896484375]
[0.04022216796875, -0.09088134765625, -0.4322509765625, 0.896240234375]
[0.04058837890625, -0.09100341796875, -0.4332275390625, 0.895751953125]
[0.04132080078125, -0.0919189453125, -0.43475341796875, 0.8948974609375]
[0.04327392578125, -0.0938720703125, -0.436767578125, 0.89361572265625]
[0.04583740234375, -0.09674072265625, -0.439453125, 0.891845703125]
[0.0474853515625, -0.09912109375, -0.443603515625, 0.88946533203125]
[0.0489501953125, -0.100830078125, -0.4483642578125, 0.88677978515625]
[0.05078125, -0.10198974609375, -0.45269775390625, 0.88433837890625]
[0.050048828125, -0.10125732421875, -0.45751953125, 0.8819580078125]
[0.05963134765625, -0.10382080078125, -0.4622802734375, 0.87860107421875]
[0.061767578125, -0.10491943359375, -0.4625244140625, 0.87823486328125]
[0.0628662109375, -0.10308837890625, -0.4625244140625, 0.87835693359375]
[0.06304931640625, -0.10211181640625, -0.46038818359375, 0.87957763671875]
[0.06512451171875, -0.1019287109375, -0.458740234375, 0.88031005859375]
[0.0673828125, -0.10260009765625, -0.45904541015625, 0.8798828125]
[0.067138671875, -0.10382080078125, -0.45880126953125, 0.8798828125]
[0.0665283203125, -0.10595703125, -0.457763671875, 0.88018798828125]
[0.06756591796875, -0.108154296875, -0.45703125, 0.8802490234375]
[0.069580078125, -0.1103515625, -0.45660400390625, 0.8800048828125]
[0.07177734375, -0.1126708984375, -0.45611572265625, 0.87982177734375]
[0.07293701171875, -0.11468505859375, -0.4554443359375, 0.87982177734375]
[0.0738525390625, -0.1162109375, -0.454833984375, 0.8798828125]
[0.07525634765625, -0.11749267578125, -0.45428466796875, 0.87982177734375]
[0.076416015625, -0.118408203125, -0.453857421875, 0.8798828125]
[0.07672119140625, -0.11883544921875, -0.45355224609375, 0.87994384765625]
[0.07696533203125, -0.11907958984375, -0.453369140625, 0.87994384765625]
[0.0777587890625, -0.119140625, -0.45330810546875, 0.8798828125]
[0.07794189453125, -0.11883544921875, -0.45361328125, 0.87982177734375]
[0.07781982421875, -0.11846923828125, -0.4537353515625, 0.8797607421875]
[0.07733154296875, -0.1180419921875, -0.4539794921875, 0.8797607421875]
[0.07684326171875, -0.11773681640625, -0.45428466796875, 0.87969970703125]
[0.0765380859375, -0.11749267578125, -0.45465087890625, 0.8795166015625]
[0.076171875, -0.117431640625, -0.45489501953125, 0.87945556640625]
[0.076171875, -0.1175537109375, -0.45501708984375, 0.87939453125]
[0.07659912109375, -0.11767578125, -0.45513916015625, 0.8792724609375]
[0.07666015625, -0.11767578125, -0.45513916015625, 0.8792724609375]
[0.07635498046875, -0.1175537109375, -0.4552001953125, 0.8792724609375]
[0.076171875, -0.1175537109375, -0.45513916015625, 0.87933349609375]
[0.076171875, -0.1175537109375, -0.45513916015625, 0.87933349609375]
[0.07623291015625, -0.1175537109375, -0.45513916015625, 0.87933349609375]
[0.07623291015625, -0.1175537109375, -0.45513916015625, 0.87933349609375]
[0.076416015625, -0.117431640625, -0.455078125, 0.87933349609375]
[0.0762939453125, -0.1173095703125, -0.45489501953125, 0.87945556640625]
[0.0755615234375, -0.1168212890625, -0.454833984375, 0.879638671875]
[0.07476806640625, -0.11602783203125, -0.45458984375, 0.87994384765625]
[0.07427978515625, -0.11505126953125, -0.45428466796875, 0.8802490234375]
[0.07373046875, -0.1134033203125, -0.453857421875, 0.8807373046875]
[0.0733642578125, -0.1116943359375, -0.452880859375, 0.8814697265625]
[0.073974609375, -0.10992431640625, -0.4512939453125, 0.8824462890625]
[0.0758056640625, -0.107421875, -0.44976806640625, 0.8834228515625]
[0.07769775390625, -0.1036376953125, -0.4482421875, 0.88446044921875]
[0.07965087890625, -0.09906005859375, -0.446044921875, 0.88592529296875]
[0.08148193359375, -0.09344482421875, -0.4427490234375, 0.88800048828125]
[0.08209228515625, -0.08587646484375, -0.43927001953125, 0.89044189453125]
[0.08203125, -0.07672119140625, -0.43475341796875, 0.89349365234375]
[0.07879638671875, -0.06524658203125, -0.43035888671875, 0.8968505859375]
[0.06982421875, -0.05169677734375, -0.425537109375, 0.9007568359375]
[0.0557861328125, -0.03900146484375, -0.4212646484375, 0.90435791015625]
[0.04486083984375, -0.02874755859375, -0.41583251953125, 0.9078369140625]
[0.04180908203125, -0.022705078125, -0.408935546875, 0.91131591796875]
[0.04364013671875, -0.01727294921875, -0.40289306640625, 0.91400146484375]
[0.04351806640625, -0.00994873046875, -0.39825439453125, 0.91619873046875]
[0.038330078125, -0.0010986328125, -0.39410400390625, 0.918212890625]
[0.02325439453125, 0.00946044921875, -0.38934326171875, 0.92071533203125]
[0.00274658203125, 0.02044677734375, -0.3829345703125, 0.92352294921875]
[0.07879638671875, -0.06524658203125, -0.43035888671875, 0.8968505859375]
[-0.01812744140625, 0.03021240234375, -0.37664794921875, 0.9256591796875]
[-0.03497314453125, 0.03692626953125, -0.37164306640625, 0.92694091796875]
[-0.046630859375, 0.0413818359375, -0.36785888671875, 0.92779541015625]
[-0.0550537109375, 0.04290771484375, -0.36492919921875, 0.92840576171875]
[-0.0635986328125, 0.0433349609375, -0.36199951171875, 0.928955078125]
[-0.076416015625, 0.04461669921875, -0.35906982421875, 0.9290771484375]
[-0.0916748046875, 0.04693603515625, -0.35748291015625, 0.92822265625]
[-0.10321044921875, 0.04864501953125, -0.3585205078125, 0.926513671875]
[-0.10919189453125, 0.049560546875, -0.36175537109375, 0.92449951171875]
[-0.115478515625, 0.050537109375, -0.37200927734375, 0.91961669921875]
[-0.11688232421875, 0.0501708984375, -0.376953125, 0.91741943359375]
[-0.11712646484375, 0.0494384765625, -0.38128662109375, 0.9156494140625]
[-0.1168212890625, 0.047607421875, -0.38348388671875, 0.91485595703125]
[-0.11773681640625, 0.045654296875, -0.3834228515625, 0.9149169921875]
[-0.11944580078125, 0.04547119140625, -0.38275146484375, 0.9149169921875]
[-0.11956787109375, 0.04766845703125, -0.3812255859375, 0.91546630859375]
[-0.11181640625, 0.04888916015625, -0.37982177734375, 0.9169921875]
[-0.09765625, 0.0482177734375, -0.3765869140625, 0.919921875]
[-0.08660888671875, 0.048095703125, -0.37115478515625, 0.92327880859375]
[-0.07806396484375, 0.04742431640625, -0.36529541015625, 0.9263916015625]
[-0.072509765625, 0.04620361328125, -0.36102294921875, 0.9285888671875]
[-0.0682373046875, 0.044921875, -0.35992431640625, 0.92938232421875]
[-0.0570068359375, 0.0416259765625, -0.36053466796875, 0.9300537109375]
[-0.0457763671875, 0.0390625, -0.3602294921875, 0.930908203125]
[-0.0428466796875, 0.0394287109375, -0.35882568359375, 0.93157958984375]
[-0.04205322265625, 0.0413818359375, -0.3572998046875, 0.93212890625]
[-0.03509521484375, 0.0413818359375, -0.35693359375, 0.9324951171875]
[-0.027587890625, 0.04290771484375, -0.358154296875, 0.9322509765625]
[-0.02850341796875, 0.04547119140625, -0.35882568359375, 0.93182373046875]
[-0.03265380859375, 0.04852294921875, -0.359619140625, 0.93121337890625]
[-0.0341796875, 0.0501708984375, -0.36077880859375, 0.9306640625]
[-0.03662109375, 0.05230712890625, -0.3626708984375, 0.9296875]
[-0.04058837890625, 0.05426025390625, -0.36541748046875, 0.9283447265625]
[-0.043212890625, 0.055419921875, -0.36871337890625, 0.9268798828125]
[-0.0439453125, 0.05499267578125, -0.37286376953125, 0.9251708984375]
[-0.0447998046875, 0.05426025390625, -0.37640380859375, 0.92376708984375]
[-0.046875, 0.05426025390625, -0.37969970703125, 0.92230224609375]
[-0.05035400390625, 0.05450439453125, -0.3822021484375, 0.92108154296875]
[-0.05303955078125, 0.0548095703125, -0.3848876953125, 0.9197998046875]
[-0.0540771484375, 0.0546875, -0.38824462890625, 0.9183349609375]
[-0.05328369140625, 0.054443359375, -0.3914794921875, 0.9169921875]
[-0.0523681640625, 0.054443359375, -0.39495849609375, 0.91558837890625]
[-0.0526123046875, 0.0546875, -0.39776611328125, 0.914306640625]
[-0.05426025390625, 0.0555419921875, -0.3995361328125, 0.91339111328125]
[-0.056396484375, 0.05670166015625, -0.40093994140625, 0.91259765625]
[-0.05767822265625, 0.05755615234375, -0.40191650390625, 0.91204833984375]
[-0.05828857421875, 0.05859375, -0.40289306640625, 0.9114990234375]
[-0.0584716796875, 0.0594482421875, -0.40350341796875, 0.9111328125]
[-0.05841064453125, 0.060302734375, -0.404052734375, 0.91082763671875]
[-0.05755615234375, 0.0614013671875, -0.40484619140625, 0.91046142578125]
[-0.0555419921875, 0.0635986328125, -0.40576171875, 0.9100341796875]
[-0.0511474609375, 0.06561279296875, -0.40704345703125, 0.90960693359375]
[-0.0452880859375, 0.06695556640625, -0.40802001953125, 0.90936279296875]
[-0.0401611328125, 0.06707763671875, -0.4080810546875, 0.90960693359375]
[-0.03765869140625, 0.06622314453125, -0.40692138671875, 0.9102783203125]
[-0.03607177734375, 0.0648193359375, -0.4058837890625, 0.910888671875]
[-0.03607177734375, 0.06536865234375, -0.40460205078125, 0.91143798828125]
[-0.03729248046875, 0.06951904296875, -0.40191650390625, 0.9122314453125]
[-0.0406494140625, 0.076416015625, -0.39739990234375, 0.91351318359375]
[-0.04931640625, 0.08447265625, -0.39178466796875, 0.91485595703125]
[-0.06268310546875, 0.0926513671875, -0.38665771484375, 0.9154052734375]
[-0.07159423828125, 0.0980224609375, -0.383056640625, 0.91571044921875]
[-0.07000732421875, 0.0982666015625, -0.3819580078125, 0.916259765625]
[-0.0667724609375, 0.09771728515625, -0.38104248046875, 0.91693115234375]
[-0.0667724609375, 0.0970458984375, -0.3780517578125, 0.91827392578125]
[-0.0687255859375, 0.095458984375, -0.37347412109375, 0.920166015625]
[-0.0731201171875, 0.094482421875, -0.3692626953125, 0.92156982421875]
[-0.07940673828125, 0.09423828125, -0.36602783203125, 0.92242431640625]
[-0.08331298828125, 0.0936279296875, -0.36395263671875, 0.92291259765625]
[-0.0855712890625, 0.09307861328125, -0.36297607421875, 0.92315673828125]
[-0.088134765625, 0.09234619140625, -0.36236572265625, 0.9232177734375]
[-0.09027099609375, 0.09197998046875, -0.36175537109375, 0.92333984375]
[-0.09234619140625, 0.09234619140625, -0.36114501953125, 0.92333984375]
[-0.0931396484375, 0.0927734375, -0.36029052734375, 0.92352294921875]
[-0.09381103515625, 0.09344482421875, -0.3592529296875, 0.92376708984375]
[-0.0936279296875, 0.09375, -0.3580322265625, 0.92425537109375]
[-0.09423828125, 0.094482421875, -0.35650634765625, 0.9246826171875]
[-0.0953369140625, 0.09503173828125, -0.35479736328125, 0.9251708984375]
[-0.095947265625, 0.09552001953125, -0.3531494140625, 0.92572021484375]
[-0.09613037109375, 0.09613037109375, -0.35150146484375, 0.92626953125]
[-0.0955810546875, 0.09649658203125, -0.349853515625, 0.9268798828125]
[-0.09527587890625, 0.09710693359375, -0.3480224609375, 0.92755126953125]
[-0.09478759765625, 0.09783935546875, -0.34625244140625, 0.92816162109375]
[-0.094482421875, 0.0985107421875, -0.3446044921875, 0.92877197265625]
[-0.09417724609375, 0.09906005859375, -0.34320068359375, 0.92926025390625]
[-0.0928955078125, 0.099609375, -0.34210205078125, 0.9296875]
[-0.09173583984375, 0.1002197265625, -0.34124755859375, 0.93011474609375]
[-0.09130859375, 0.100830078125, -0.34033203125, 0.930419921875]
[-0.090576171875, 0.10162353515625, -0.33953857421875, 0.9306640625]
[-0.0904541015625, 0.10223388671875, -0.33880615234375, 0.930908203125]
[-0.09051513671875, 0.10296630859375, -0.33831787109375, 0.93096923828125]
[-0.09088134765625, 0.1036376953125, -0.33807373046875, 0.93096923828125]
[-0.09112548828125, 0.1043701171875, -0.33807373046875, 0.93084716796875]
[-0.09112548828125, 0.10498046875, -0.3382568359375, 0.93072509765625]
[-0.09124755859375, 0.1053466796875, -0.33843994140625, 0.93060302734375]
[-0.09124755859375, 0.10546875, -0.33843994140625, 0.93060302734375]
[-0.09130859375, 0.10552978515625, -0.33837890625, 0.93060302734375]
[-0.0916748046875, 0.105712890625, -0.33819580078125, 0.93060302734375]
[-0.09173583984375, 0.1058349609375, -0.337890625, 0.9306640625]
[-0.09149169921875, 0.1058349609375, -0.33770751953125, 0.9307861328125]
[-0.0919189453125, 0.10595703125, -0.33734130859375, 0.93084716796875]
[-0.09246826171875, 0.10626220703125, -0.3370361328125, 0.930908203125]
[-0.09246826171875, 0.10662841796875, -0.3369140625, 0.930908203125]
[-0.091796875, 0.10699462890625, -0.33685302734375, 0.930908203125]
[-0.0909423828125, 0.10736083984375, -0.33673095703125, 0.9310302734375]
[-0.090576171875, 0.1077880859375, -0.336669921875, 0.9310302734375]
[-0.0908203125, 0.10809326171875, -0.3365478515625, 0.9310302734375]
[-0.09112548828125, 0.1083984375, -0.33648681640625, 0.93096923828125]
[-0.09112548828125, 0.10845947265625, -0.33642578125, 0.93096923828125]
[-0.09124755859375, 0.10888671875, -0.33648681640625, 0.930908203125]
[-0.091064453125, 0.10931396484375, -0.33642578125, 0.93084716796875]
[-0.0909423828125, 0.1097412109375, -0.33636474609375, 0.93084716796875]
[-0.09088134765625, 0.110107421875, -0.33624267578125, 0.93084716796875]
[-0.090576171875, 0.11041259765625, -0.3363037109375, 0.93084716796875]
[-0.09027099609375, 0.11077880859375, -0.33648681640625, 0.9307861328125]
[-0.09027099609375, 0.11083984375, -0.33648681640625, 0.9307861328125]
[-0.09014892578125, 0.1109619140625, -0.336669921875, 0.9306640625]
[-0.08984375, 0.11102294921875, -0.3369140625, 0.93060302734375]
[-0.08819580078125, 0.111083984375, -0.33782958984375, 0.930419921875]
[-0.087158203125, 0.11077880859375, -0.33746337890625, 0.93072509765625]
[-0.08795166015625, 0.111572265625, -0.33746337890625, 0.9305419921875]
[-0.088623046875, 0.11279296875, -0.33868408203125, 0.92987060546875]
[-0.087890625, 0.11273193359375, -0.34100341796875, 0.9290771484375]
[-0.08758544921875, 0.11181640625, -0.34332275390625, 0.92840576171875]
[-0.09014892578125, 0.1109619140625, -0.336669921875, 0.9306640625]
[-0.08758544921875, 0.11181640625, -0.34332275390625, 0.92840576171875]
[-0.08984375, 0.1119384765625, -0.3441162109375, 0.9278564453125]
[-0.090576171875, 0.11248779296875, -0.34307861328125, 0.9281005859375]
[-0.09027099609375, 0.1124267578125, -0.342529296875, 0.9283447265625]
[-0.09100341796875, 0.113037109375, -0.341552734375, 0.9285888671875]
[-0.0928955078125, 0.11370849609375, -0.342041015625, 0.9281005859375]
[-0.09478759765625, 0.11346435546875, -0.34423828125, 0.9271240234375]
[-0.0955810546875, 0.11273193359375, -0.34661865234375, 0.92626953125]
[-0.096435546875, 0.11224365234375, -0.34844970703125, 0.925537109375]
[-0.0992431640625, 0.1119384765625, -0.34991455078125, 0.92474365234375]
[-0.10235595703125, 0.11181640625, -0.35125732421875, 0.92388916015625]
[-0.10455322265625, 0.11163330078125, -0.352294921875, 0.92327880859375]
[-0.10540771484375, 0.11090087890625, -0.35357666015625, 0.92279052734375]
[-0.10498046875, 0.10968017578125, -0.35552978515625, 0.9222412109375]
[-0.1036376953125, 0.10791015625, -0.357666015625, 0.9217529296875]
[-0.10308837890625, 0.10687255859375, -0.359130859375, 0.92138671875]
[-0.10369873046875, 0.10638427734375, -0.35992431640625, 0.92108154296875]
[-0.10455322265625, 0.10614013671875, -0.36065673828125, 0.92071533203125]
[-0.10443115234375, 0.10577392578125, -0.36187744140625, 0.9202880859375]
[-0.1033935546875, 0.10528564453125, -0.36370849609375, 0.91973876953125]
[-0.1029052734375, 0.1051025390625, -0.3651123046875, 0.91925048828125]
[-0.10321044921875, 0.105224609375, -0.365966796875, 0.91888427734375]
[-0.10400390625, 0.1053466796875, -0.36669921875, 0.91845703125]
[-0.10406494140625, 0.1053466796875, -0.36761474609375, 0.9180908203125]
[-0.103515625, 0.10540771484375, -0.36883544921875, 0.91766357421875]
[-0.10308837890625, 0.105712890625, -0.3699951171875, 0.917236328125]
[-0.10321044921875, 0.106201171875, -0.37066650390625, 0.9168701171875]
[-0.1036376953125, 0.10662841796875, -0.37078857421875, 0.916748046875]
[-0.1041259765625, 0.10687255859375, -0.37078857421875, 0.9166259765625]
[-0.10406494140625, 0.1068115234375, -0.37109375, 0.91650390625]
[-0.103515625, 0.1065673828125, -0.37158203125, 0.91644287109375]
[-0.10369873046875, 0.1065673828125, -0.37176513671875, 0.91632080078125]
[-0.1046142578125, 0.10650634765625, -0.3714599609375, 0.9163818359375]
[-0.10504150390625, 0.10626220703125, -0.37115478515625, 0.91644287109375]
[-0.10498046875, 0.10601806640625, -0.37127685546875, 0.91644287109375]
[-0.10467529296875, 0.10601806640625, -0.3714599609375, 0.9163818359375]
[-0.10479736328125, 0.10662841796875, -0.37164306640625, 0.91619873046875]
[-0.10552978515625, 0.108154296875, -0.37158203125, 0.916015625]
[-0.105712890625, 0.11041259765625, -0.37164306640625, 0.91571044921875]
[-0.1043701171875, 0.11309814453125, -0.37225341796875, 0.91522216796875]
[-0.101806640625, 0.1168212890625, -0.3734130859375, 0.91461181640625]
[-0.099365234375, 0.121337890625, -0.37493896484375, 0.91363525390625]
[-0.09759521484375, 0.1259765625, -0.37652587890625, 0.91253662109375]
[-0.09454345703125, 0.129638671875, -0.3790283203125, 0.91131591796875]
[-0.09033203125, 0.13214111328125, -0.3822021484375, 0.91009521484375]
[-0.08660888671875, 0.13458251953125, -0.38543701171875, 0.90875244140625]
[-0.08575439453125, 0.14068603515625, -0.38836669921875, 0.9066162109375]
[-0.0897216796875, 0.1474609375, -0.3914794921875, 0.90380859375]
[-0.095947265625, 0.156494140625, -0.3956298828125, 0.89984130859375]
[-0.100341796875, 0.16357421875, -0.4012451171875, 0.8956298828125]
[-0.1016845703125, 0.1702880859375, -0.4066162109375, 0.89178466796875]
[-0.105712890625, 0.17962646484375, -0.4100341796875, 0.88787841796875]
[-0.11529541015625, 0.1929931640625, -0.41204833984375, 0.88299560546875]
[-0.1280517578125, 0.20892333984375, -0.412841796875, 0.877197265625]
[-0.13946533203125, 0.225830078125, -0.41302490234375, 0.87115478515625]
[-0.14837646484375, 0.243408203125, -0.4117431640625, 0.86553955078125]
[-0.15728759765625, 0.26165771484375, -0.4097900390625, 0.85955810546875]
[-0.16741943359375, 0.28033447265625, -0.406982421875, 0.85308837890625]
[-0.177001953125, 0.29852294921875, -0.40228271484375, 0.84716796875]
[-0.19525146484375, 0.33062744140625, -0.38836669921875, 0.837646484375]
[-0.20294189453125, 0.3427734375, -0.38201904296875, 0.8338623046875]
[-0.2086181640625, 0.3519287109375, -0.377197265625, 0.830810546875]
[-0.21636962890625, 0.36297607421875, -0.37078857421875, 0.8270263671875]
[-0.22119140625, 0.366455078125, -0.3680419921875, 0.825439453125]
[-0.22747802734375, 0.3695068359375, -0.3651123046875, 0.8236083984375]
[-0.23516845703125, 0.37255859375, -0.36199951171875, 0.82147216796875]
[-0.24237060546875, 0.3756103515625, -0.35931396484375, 0.81915283203125]
[-0.247802734375, 0.37841796875, -0.35791015625, 0.81683349609375]
[-0.25091552734375, 0.38092041015625, -0.3582763671875, 0.8145751953125]
[-0.252197265625, 0.38348388671875, -0.35968017578125, 0.8123779296875]
[-0.25274658203125, 0.38616943359375, -0.3612060546875, 0.81024169921875]
[-0.2535400390625, 0.38934326171875, -0.3621826171875, 0.80804443359375]
[-0.2548828125, 0.3927001953125, -0.36273193359375, 0.80572509765625]
[-0.25604248046875, 0.39599609375, -0.362548828125, 0.8038330078125]
[-0.256103515625, 0.39892578125, -0.36248779296875, 0.8023681640625]
[-0.25421142578125, 0.40118408203125, -0.3634033203125, 0.80145263671875]
[-0.25225830078125, 0.403076171875, -0.36541748046875, 0.8001708984375]
[-0.25177001953125, 0.40509033203125, -0.3680419921875, 0.79815673828125]
[-0.252685546875, 0.4071044921875, -0.36993408203125, 0.79595947265625]
[-0.2542724609375, 0.4091796875, -0.3709716796875, 0.79388427734375]
[-0.2567138671875, 0.4112548828125, -0.3717041015625, 0.79168701171875]
[-0.258544921875, 0.4122314453125, -0.373046875, 0.7899169921875]
[-0.25933837890625, 0.41241455078125, -0.37469482421875, 0.788818359375]
[-0.259765625, 0.41217041015625, -0.376220703125, 0.7880859375]
[-0.260498046875, 0.41192626953125, -0.37725830078125, 0.7874755859375]
[-0.26202392578125, 0.41204833984375, -0.377685546875, 0.78668212890625]
[-0.2637939453125, 0.41217041015625, -0.3782958984375, 0.7857666015625]
[-0.26495361328125, 0.41204833984375, -0.37945556640625, 0.78485107421875]
[-0.26641845703125, 0.41229248046875, -0.3804931640625, 0.78375244140625]
[-0.26776123046875, 0.412841796875, -0.38128662109375, 0.7825927734375]
[-0.268798828125, 0.41351318359375, -0.38177490234375, 0.7816162109375]
[-0.26947021484375, 0.41424560546875, -0.38232421875, 0.78076171875]
[-0.27001953125, 0.41497802734375, -0.3828125, 0.77996826171875]
[-0.2703857421875, 0.41558837890625, -0.38330078125, 0.77923583984375]
[-0.27032470703125, 0.416015625, -0.3839111328125, 0.77874755859375]
[-0.2703857421875, 0.41656494140625, -0.3843994140625, 0.7781982421875]
[-0.27044677734375, 0.4171142578125, -0.38458251953125, 0.77777099609375]
[-0.27069091796875, 0.41766357421875, -0.3841552734375, 0.777587890625]
[-0.271240234375, 0.41802978515625, -0.38360595703125, 0.7774658203125]
[-0.27142333984375, 0.4180908203125, -0.38330078125, 0.77752685546875]
[-0.271484375, 0.4180908203125, -0.3829345703125, 0.7777099609375]
[-0.27178955078125, 0.418212890625, -0.38201904296875, 0.7779541015625]
[-0.27239990234375, 0.41845703125, -0.380615234375, 0.7783203125]
[-0.27264404296875, 0.418701171875, -0.37945556640625, 0.7786865234375]
[-0.2740478515625, 0.419189453125, -0.3779296875, 0.7786865234375]
[-0.27618408203125, 0.420654296875, -0.3763427734375, 0.77789306640625]
[-0.27789306640625, 0.42352294921875, -0.37396240234375, 0.77685546875]
[-0.28125, 0.4281005859375, -0.370361328125, 0.77484130859375]
[-0.2861328125, 0.43328857421875, -0.36602783203125, 0.77227783203125]
[-0.2923583984375, 0.43896484375, -0.36041259765625, 0.76934814453125]
[-0.29833984375, 0.4439697265625, -0.35455322265625, 0.76690673828125]
[-0.30267333984375, 0.44744873046875, -0.35040283203125, 0.76507568359375]
[-0.30303955078125, 0.44921875, -0.3486328125, 0.76470947265625]
[-0.30108642578125, 0.44989013671875, -0.34698486328125, 0.765869140625]
[-0.2996826171875, 0.45037841796875, -0.3431396484375, 0.767822265625]
[-0.29962158203125, 0.44940185546875, -0.337646484375, 0.77081298828125]
[-0.298583984375, 0.4468994140625, -0.3316650390625, 0.77532958984375]
[-0.29571533203125, 0.44268798828125, -0.32672119140625, 0.7808837890625]
[-0.29107666015625, 0.43768310546875, -0.32305908203125, 0.78692626953125]
[-0.28607177734375, 0.43310546875, -0.3201904296875, 0.79248046875]
[-0.28302001953125, 0.429443359375, -0.3172607421875, 0.79669189453125]
[-0.2823486328125, 0.427001953125, -0.3133544921875, 0.7998046875]
[-0.2813720703125, 0.42498779296875, -0.3092041015625, 0.8028564453125]
[-0.2801513671875, 0.42376708984375, -0.3043212890625, 0.8057861328125]
[-0.27825927734375, 0.4229736328125, -0.29913330078125, 0.80877685546875]
[-0.27587890625, 0.42242431640625, -0.2943115234375, 0.8116455078125]
[-0.2734375, 0.4219970703125, -0.29052734375, 0.8140869140625]
[-0.271240234375, 0.4217529296875, -0.2879638671875, 0.81585693359375]
[-0.2703857421875, 0.42144775390625, -0.28582763671875, 0.8170166015625]
[-0.27069091796875, 0.42059326171875, -0.2841796875, 0.81793212890625]
[-0.2713623046875, 0.41949462890625, -0.28326416015625, 0.818603515625]
[-0.2716064453125, 0.41839599609375, -0.2830810546875, 0.81915283203125]
[-0.27166748046875, 0.417236328125, -0.283447265625, 0.819580078125]
[-0.27178955078125, 0.41650390625, -0.28369140625, 0.81982421875]
[-0.271728515625, 0.415771484375, -0.28387451171875, 0.8201904296875]
[-0.27215576171875, 0.4150390625, -0.2838134765625, 0.8204345703125]
[-0.2735595703125, 0.41448974609375, -0.283447265625, 0.82037353515625]
[-0.27496337890625, 0.4141845703125, -0.28302001953125, 0.8201904296875]
[-0.275390625, 0.41387939453125, -0.28302001953125, 0.8201904296875]
[-0.27587890625, 0.41387939453125, -0.28265380859375, 0.8201904296875]
[-0.2767333984375, 0.41375732421875, -0.28240966796875, 0.82000732421875]
[-0.27703857421875, 0.4136962890625, -0.2823486328125, 0.8199462890625]
[-0.277099609375, 0.41363525390625, -0.28240966796875, 0.8199462890625]
[-0.27691650390625, 0.41357421875, -0.2828369140625, 0.81988525390625]
[-0.2763671875, 0.41339111328125, -0.28338623046875, 0.82000732421875]
[-0.27618408203125, 0.4129638671875, -0.283935546875, 0.820068359375]
[-0.2764892578125, 0.41265869140625, -0.284423828125, 0.8199462890625]
[-0.276611328125, 0.41265869140625, -0.2850341796875, 0.8197021484375]
[-0.276611328125, 0.412841796875, -0.285888671875, 0.8193359375]
[-0.2763671875, 0.41339111328125, -0.28668212890625, 0.81884765625]
[-0.27587890625, 0.414306640625, -0.2874755859375, 0.81829833984375]
[-0.274658203125, 0.41534423828125, -0.28839111328125, 0.81781005859375]
[-0.271484375, 0.41607666015625, -0.28900146484375, 0.81829833984375]
[-0.27081298828125, 0.41748046875, -0.2886962890625, 0.81793212890625]
[-0.271484375, 0.41888427734375, -0.28857421875, 0.8170166015625]
[-0.272705078125, 0.4207763671875, -0.28839111328125, 0.815673828125]
[-0.27056884765625, 0.420654296875, -0.29058837890625, 0.815673828125]
[-0.26507568359375, 0.41729736328125, -0.29632568359375, 0.81719970703125]
[-0.2562255859375, 0.41241455078125, -0.3021240234375, 0.8203125]
[-0.24530029296875, 0.40765380859375, -0.3046875, 0.8250732421875]
[-0.23870849609375, 0.4033203125, -0.305908203125, 0.8287353515625]
[-0.24005126953125, 0.40069580078125, -0.3089599609375, 0.82843017578125]
[-0.24609375, 0.40020751953125, -0.31341552734375, 0.82525634765625]
[-0.24896240234375, 0.400634765625, -0.31829833984375, 0.822265625]
[-0.2476806640625, 0.400390625, -0.32257080078125, 0.8211669921875]
[-0.24652099609375, 0.40020751953125, -0.32550048828125, 0.82037353515625]
[-0.24798583984375, 0.40106201171875, -0.3267822265625, 0.81903076171875]
[-0.25030517578125, 0.40155029296875, -0.32769775390625, 0.81768798828125]
[-0.25146484375, 0.40155029296875, -0.32965087890625, 0.81658935546875]
[-0.2506103515625, 0.40142822265625, -0.33160400390625, 0.81610107421875]
[-0.2510986328125, 0.40167236328125, -0.33184814453125, 0.81573486328125]
[-0.25421142578125, 0.40234375, -0.3311767578125, 0.814697265625]
[-0.25634765625, 0.40240478515625, -0.331298828125, 0.81402587890625]
[-0.25518798828125, 0.40167236328125, -0.33197021484375, 0.814453125]
[-0.25341796875, 0.40106201171875, -0.33306884765625, 0.8148193359375]
[-0.2508544921875, 0.4010009765625, -0.33514404296875, 0.8148193359375]
[-0.24798583984375, 0.4010009765625, -0.3375244140625, 0.814697265625]
[-0.24755859375, 0.40216064453125, -0.339111328125, 0.8135986328125]
[-0.24603271484375, 0.40313720703125, -0.34136962890625, 0.81268310546875]
[-0.2451171875, 0.4039306640625, -0.3447265625, 0.81109619140625]
[-0.24334716796875, 0.404296875, -0.3492431640625, 0.80950927734375]
[-0.24139404296875, 0.40472412109375, -0.353515625, 0.80804443359375]
[-0.2379150390625, 0.405029296875, -0.3582763671875, 0.80682373046875]
[-0.2364501953125, 0.40631103515625, -0.3623046875, 0.8048095703125]
[-0.23590087890625, 0.40875244140625, -0.36505126953125, 0.802490234375]
[-0.23468017578125, 0.411376953125, -0.367431640625, 0.80035400390625]
[-0.2335205078125, 0.41412353515625, -0.3697509765625, 0.79827880859375]
[-0.23345947265625, 0.41650390625, -0.3721923828125, 0.7958984375]
[-0.2327880859375, 0.41839599609375, -0.3751220703125, 0.79376220703125]
[-0.23199462890625, 0.42010498046875, -0.3780517578125, 0.79168701171875]
[-0.2325439453125, 0.42205810546875, -0.38079833984375, 0.7891845703125]
[-0.2335205078125, 0.42401123046875, -0.3834228515625, 0.78656005859375]
[-0.23388671875, 0.42578125, -0.38641357421875, 0.78399658203125]
[-0.23419189453125, 0.427978515625, -0.3887939453125, 0.781494140625]
[-0.2347412109375, 0.429931640625, -0.390380859375, 0.779541015625]
[-0.235107421875, 0.43096923828125, -0.3924560546875, 0.77777099609375]
[-0.2342529296875, 0.43096923828125, -0.3948974609375, 0.77679443359375]
[-0.23272705078125, 0.4305419921875, -0.39697265625, 0.77642822265625]
[-0.2320556640625, 0.43023681640625, -0.3983154296875, 0.776123046875]
[-0.2315673828125, 0.42962646484375, -0.3990478515625, 0.77618408203125]
[-0.231201171875, 0.4287109375, -0.39959716796875, 0.77655029296875]
[-0.22943115234375, 0.42474365234375, -0.40277099609375, 0.77764892578125]
[-0.2265625, 0.4212646484375, -0.406494140625, 0.77838134765625]
[-0.21466064453125, 0.41314697265625, -0.413818359375, 0.78228759765625]
[-0.210205078125, 0.41058349609375, -0.41473388671875, 0.7843017578125]
[-0.20477294921875, 0.4071044921875, -0.41204833984375, 0.78900146484375]
[-0.2005615234375, 0.4046630859375, -0.40985107421875, 0.79248046875]
[-0.19635009765625, 0.40057373046875, -0.40777587890625, 0.796630859375]
[-0.19000244140625, 0.39532470703125, -0.40692138671875, 0.80126953125]
[-0.18048095703125, 0.38958740234375, -0.40533447265625, 0.80706787109375]
[-0.172607421875, 0.38543701171875, -0.403564453125, 0.8116455078125]
[-0.1666259765625, 0.3831787109375, -0.40155029296875, 0.81494140625]
[-0.16119384765625, 0.38189697265625, -0.40118408203125, 0.81683349609375]
[-0.15142822265625, 0.37884521484375, -0.401123046875, 0.82012939453125]
[-0.1412353515625, 0.37371826171875, -0.4010009765625, 0.8243408203125]
[-0.13153076171875, 0.3660888671875, -0.40081787109375, 0.8294677734375]
[-0.11993408203125, 0.354736328125, -0.403564453125, 0.83477783203125]
[-0.10809326171875, 0.3465576171875, -0.4097900390625, 0.8367919921875]
[-0.09735107421875, 0.34173583984375, -0.41888427734375, 0.8355712890625]
[-0.08447265625, 0.33917236328125, -0.42840576171875, 0.83319091796875]
[-0.06903076171875, 0.34051513671875, -0.43353271484375, 0.8314208984375]
[-0.05926513671875, 0.34674072265625, -0.4332275390625, 0.82977294921875]
[-0.054931640625, 0.35589599609375, -0.4312744140625, 0.82720947265625]
[-0.04827880859375, 0.36260986328125, -0.43017578125, 0.82525634765625]
[-0.03741455078125, 0.36669921875, -0.43121337890625, 0.823486328125]
[-0.02471923828125, 0.36944580078125, -0.431884765625, 0.8223876953125]
[-0.01544189453125, 0.37322998046875, -0.43072509765625, 0.821533203125]
[-0.00811767578125, 0.3770751953125, -0.4287109375, 0.8209228515625]
[-0.000244140625, 0.37945556640625, -0.42730712890625, 0.82061767578125]
[0.00909423828125, 0.38116455078125, -0.42584228515625, 0.82049560546875]
[0.01849365234375, 0.38299560546875, -0.42474365234375, 0.820068359375]
[0.03399658203125, 0.38922119140625, -0.42132568359375, 0.81842041015625]
[0.041259765625, 0.39263916015625, -0.41961669921875, 0.81732177734375]
[0.0484619140625, 0.39617919921875, -0.41766357421875, 0.81622314453125]
[0.05340576171875, 0.4002685546875, -0.41473388671875, 0.81536865234375]
[0.05633544921875, 0.40478515625, -0.41162109375, 0.8145751953125]
[0.0589599609375, 0.40911865234375, -0.4085693359375, 0.813720703125]
[0.06121826171875, 0.4129638671875, -0.4063720703125, 0.81268310546875]
[0.06353759765625, 0.41632080078125, -0.40509033203125, 0.81146240234375]
[0.0660400390625, 0.4189453125, -0.40423583984375, 0.810302734375]
[0.068115234375, 0.4208984375, -0.40362548828125, 0.8094482421875]
[0.06939697265625, 0.42230224609375, -0.403564453125, 0.80865478515625]
[0.071044921875, 0.4228515625, -0.404052734375, 0.8079833984375]
[0.072265625, 0.422607421875, -0.40460205078125, 0.8077392578125]
[0.07220458984375, 0.42205810546875, -0.40478515625, 0.80792236328125]
[0.0712890625, 0.4212646484375, -0.40521240234375, 0.8082275390625]
[0.0706787109375, 0.4202880859375, -0.40484619140625, 0.8089599609375]
[0.06890869140625, 0.41961669921875, -0.40374755859375, 0.80999755859375]
[0.06597900390625, 0.4188232421875, -0.40203857421875, 0.8115234375]
[0.0633544921875, 0.41766357421875, -0.4000244140625, 0.81329345703125]
[0.060791015625, 0.4166259765625, -0.39715576171875, 0.8154296875]
[0.057373046875, 0.41571044921875, -0.3934326171875, 0.8179931640625]
[0.05181884765625, 0.41485595703125, -0.389892578125, 0.8204345703125]
[0.0469970703125, 0.4130859375, -0.38726806640625, 0.8228759765625]
[0.04345703125, 0.41064453125, -0.38555908203125, 0.8250732421875]
[0.0411376953125, 0.40838623046875, -0.38433837890625, 0.826904296875]
[0.03936767578125, 0.4068603515625, -0.38238525390625, 0.82867431640625]
[0.03857421875, 0.40509033203125, -0.38043212890625, 0.8304443359375]
[0.03753662109375, 0.4027099609375, -0.378173828125, 0.8326416015625]
[0.03594970703125, 0.3990478515625, -0.3756103515625, 0.83563232421875]
[0.03448486328125, 0.39385986328125, -0.37255859375, 0.83953857421875]
[0.0323486328125, 0.3880615234375, -0.36895751953125, 0.84393310546875]
[0.0303955078125, 0.38214111328125, -0.36456298828125, 0.84857177734375]
[0.028564453125, 0.3770751953125, -0.35845947265625, 0.85345458984375]
[0.02484130859375, 0.3734130859375, -0.35052490234375, 0.8585205078125]
[0.01971435546875, 0.37115478515625, -0.34149169921875, 0.86322021484375]
[0.01495361328125, 0.3692626953125, -0.33282470703125, 0.86749267578125]
[0.01055908203125, 0.367919921875, -0.32366943359375, 0.87164306640625]
[0.0045166015625, 0.36834716796875, -0.3133544921875, 0.875244140625]
[-0.00421142578125, 0.37030029296875, -0.30194091796875, 0.87841796875]
[-0.0137939453125, 0.3729248046875, -0.2900390625, 0.8812255859375]
[-0.02313232421875, 0.375732421875, -0.27874755859375, 0.88348388671875]
[-0.0308837890625, 0.37799072265625, -0.268310546875, 0.885498046875]
[-0.03717041015625, 0.380126953125, -0.25897216796875, 0.88714599609375]
[-0.04278564453125, 0.38238525390625, -0.250244140625, 0.888427734375]
[-0.04779052734375, 0.38397216796875, -0.2427978515625, 0.8895263671875]
[-0.05279541015625, 0.38531494140625, -0.2362060546875, 0.89044189453125]
[-0.058837890625, 0.38629150390625, -0.22979736328125, 0.89129638671875]
[-0.06500244140625, 0.3865966796875, -0.22393798828125, 0.89227294921875]
[-0.0711669921875, 0.38671875, -0.2191162109375, 0.8929443359375]
[-0.078125, 0.38714599609375, -0.2144775390625, 0.89324951171875]
[-0.08544921875, 0.38726806640625, -0.20941162109375, 0.89373779296875]
[-0.09332275390625, 0.38720703125, -0.2039794921875, 0.89422607421875]
[-0.10107421875, 0.38702392578125, -0.19879150390625, 0.8946533203125]
[-0.10675048828125, 0.38702392578125, -0.194580078125, 0.89495849609375]
[-0.11077880859375, 0.3876953125, -0.1907958984375, 0.89495849609375]
[-0.11700439453125, 0.388671875, -0.18707275390625, 0.89453125]
[-0.124755859375, 0.38909912109375, -0.18206787109375, 0.89434814453125]
[-0.13372802734375, 0.38916015625, -0.1767578125, 0.89410400390625]
[-0.14141845703125, 0.38897705078125, -0.1715087890625, 0.89398193359375]
[-0.1495361328125, 0.388671875, -0.165771484375, 0.8939208984375]
[-0.161865234375, 0.38775634765625, -0.1573486328125, 0.8936767578125]
[-0.17724609375, 0.38677978515625, -0.14715576171875, 0.89288330078125]
[-0.18731689453125, 0.386962890625, -0.13995361328125, 0.89190673828125]
[-0.19268798828125, 0.38739013671875, -0.135498046875, 0.89129638671875]
[-0.1981201171875, 0.38818359375, -0.13238525390625, 0.89019775390625]
[-0.20086669921875, 0.38861083984375, -0.1304931640625, 0.88970947265625]
[-0.20257568359375, 0.38909912109375, -0.12884521484375, 0.88934326171875]
[-0.20196533203125, 0.3902587890625, -0.126708984375, 0.8892822265625]
[-0.20135498046875, 0.3927001953125, -0.12420654296875, 0.888671875]
[-0.19744873046875, 0.3963623046875, -0.123046875, 0.88812255859375]
[-0.1900634765625, 0.40130615234375, -0.121826171875, 0.88763427734375]
[-0.18438720703125, 0.4056396484375, -0.1202392578125, 0.8870849609375]
[-0.18359375, 0.40875244140625, -0.119873046875, 0.8858642578125]
[-0.1837158203125, 0.4111328125, -0.1234130859375, 0.88427734375]
[-0.17950439453125, 0.4127197265625, -0.133544921875, 0.88287353515625]
[-0.17681884765625, 0.415283203125, -0.14239501953125, 0.880859375]
[-0.17626953125, 0.41741943359375, -0.15081787109375, 0.8785400390625]
[-0.1761474609375, 0.41845703125, -0.1614990234375, 0.876220703125]
[-0.171142578125, 0.417236328125, -0.17822265625, 0.87451171875]
[-0.16351318359375, 0.41290283203125, -0.20294189453125, 0.8726806640625]
[-0.15216064453125, 0.40667724609375, -0.23211669921875, 0.870361328125]
[-0.13311767578125, 0.3980712890625, -0.26092529296875, 0.86932373046875]
[-0.11090087890625, 0.38677978515625, -0.28826904296875, 0.868896484375]
[-0.093017578125, 0.37457275390625, -0.3135986328125, 0.8675537109375]
[-0.07879638671875, 0.3642578125, -0.33740234375, 0.86444091796875]
[-0.0611572265625, 0.35247802734375, -0.361572265625, 0.86090087890625]
[-0.0400390625, 0.33917236328125, -0.3856201171875, 0.85711669921875]
[-0.021728515625, 0.32562255859375, -0.405517578125, 0.85382080078125]
[-0.00970458984375, 0.3138427734375, -0.42059326171875, 0.85113525390625]
[-0.00189208984375, 0.303955078125, -0.432861328125, 0.8486328125]
[0.00286865234375, 0.29364013671875, -0.445068359375, 0.845947265625]
[0.00677490234375, 0.2813720703125, -0.4559326171875, 0.8443603515625]
[0.0048828125, 0.26959228515625, -0.46533203125, 0.843017578125]
[-0.0008544921875, 0.25897216796875, -0.47418212890625, 0.8414306640625]
[-0.00567626953125, 0.24920654296875, -0.4818115234375, 0.84002685546875]
[-0.00994873046875, 0.2388916015625, -0.48651123046875, 0.84027099609375]
[-0.01629638671875, 0.2303466796875, -0.488037109375, 0.84173583984375]
[-0.025390625, 0.226318359375, -0.48883056640625, 0.84210205078125]
[-0.03558349609375, 0.2255859375, -0.49066162109375, 0.84088134765625]
[-0.04522705078125, 0.22540283203125, -0.49371337890625, 0.83868408203125]
[-0.05316162109375, 0.22412109375, -0.49774169921875, 0.836181640625]
[-0.06146240234375, 0.2216796875, -0.5015869140625, 0.83392333984375]
[-0.07171630859375, 0.21954345703125, -0.50457763671875, 0.83184814453125]
[-0.08160400390625, 0.21771240234375, -0.50726318359375, 0.829833984375]
[-0.0906982421875, 0.21630859375, -0.50970458984375, 0.8277587890625]
[-0.09832763671875, 0.2147216796875, -0.5120849609375, 0.8258056640625]
[-0.10369873046875, 0.21282958984375, -0.5146484375, 0.8240966796875]
[-0.107666015625, 0.21087646484375, -0.51702880859375, 0.822509765625]
[-0.110595703125, 0.208984375, -0.5191650390625, 0.8212890625]
[-0.114013671875, 0.20672607421875, -0.520751953125, 0.82037353515625]
[-0.11968994140625, 0.20556640625, -0.52197265625, 0.819091796875]
[-0.12615966796875, 0.2049560546875, -0.523193359375, 0.8175048828125]
[-0.131591796875, 0.2034912109375, -0.52496337890625, 0.81585693359375]
[-0.13409423828125, 0.20025634765625, -0.52740478515625, 0.814697265625]
[-0.13665771484375, 0.19720458984375, -0.52978515625, 0.8134765625]
[-0.140380859375, 0.19512939453125, -0.5316162109375, 0.8121337890625]
[-0.14190673828125, 0.19488525390625, -0.53277587890625, 0.8111572265625]
[-0.13629150390625, 0.19403076171875, -0.53466796875, 0.81109619140625]
[-0.1341552734375, 0.19384765625, -0.5350341796875, 0.811279296875]
[-0.13739013671875, 0.196533203125, -0.53411865234375, 0.8106689453125]
[-0.13946533203125, 0.197509765625, -0.5341796875, 0.81005859375]
[-0.13739013671875, 0.195556640625, -0.5355224609375, 0.80999755859375]
[-0.134033203125, 0.19256591796875, -0.53692626953125, 0.81036376953125]
[-0.13128662109375, 0.19000244140625, -0.5377197265625, 0.81085205078125]
[-0.12939453125, 0.18804931640625, -0.53802490234375, 0.8114013671875]
[-0.12774658203125, 0.18670654296875, -0.53863525390625, 0.81158447265625]
[-0.126220703125, 0.18572998046875, -0.53936767578125, 0.81158447265625]
[-0.12518310546875, 0.18499755859375, -0.54010009765625, 0.8114013671875]
[-0.1246337890625, 0.18450927734375, -0.54071044921875, 0.81121826171875]
[-0.1248779296875, 0.18438720703125, -0.541015625, 0.81097412109375]
[-0.1248779296875, 0.1844482421875, -0.541015625, 0.81097412109375]
[-0.1239013671875, 0.18402099609375, -0.541259765625, 0.81103515625]
[-0.123046875, 0.18365478515625, -0.5419921875, 0.810791015625]
[-0.123046875, 0.18389892578125, -0.5426025390625, 0.810302734375]
[-0.1231689453125, 0.1839599609375, -0.54339599609375, 0.80975341796875]
[-0.12298583984375, 0.18402099609375, -0.54425048828125, 0.8092041015625]
[-0.122802734375, 0.1842041015625, -0.5450439453125, 0.80865478515625]
[-0.122802734375, 0.18450927734375, -0.54571533203125, 0.80810546875]
[-0.123046875, 0.1845703125, -0.54632568359375, 0.80767822265625]
[-0.12261962890625, 0.18389892578125, -0.54693603515625, 0.8074951171875]
[-0.1214599609375, 0.1832275390625, -0.5474853515625, 0.807373046875]
[-0.120361328125, 0.18304443359375, -0.5478515625, 0.807373046875]
[-0.11944580078125, 0.1827392578125, -0.5482177734375, 0.807373046875]
[-0.11810302734375, 0.1822509765625, -0.54864501953125, 0.807373046875]
[-0.11688232421875, 0.181640625, -0.54913330078125, 0.80731201171875]
